36.760	33.520
36.720	33.520
36.680	33.520
36.640	33.520
36.600	33.520
36.560	33.520
36.520	33.520
36.480	33.520
36.440	33.520
36.400	33.520
36.360	33.520
36.320	33.520
36.280	33.520
36.240	33.520
36.200	33.520
36.160	33.520
36.120	33.520
36.080	33.520
36.040	33.520
36.000	33.520
35.960	33.520
35.920	33.520
35.880	33.520
35.840	33.520
35.800	33.520
35.760	33.520
35.720	33.520
35.680	33.520
35.640	33.520
35.600	33.520
35.560	33.520
35.520	33.520
35.480	33.520
35.440	33.520
35.400	33.520
35.360	33.520
35.320	33.520
35.280	33.520
35.240	33.520
35.200	33.520
35.160	33.520
35.120	33.520
35.080	33.520
35.040	33.520
35.000	33.520
34.960	33.520
34.920	33.520
34.880	33.520
34.840	33.520
34.800	33.520
34.760	33.520
34.720	33.520
34.680	33.520
34.640	33.520
34.600	33.520
34.560	33.520
34.520	33.520
34.480	33.520
34.440	33.520
34.400	33.520
34.360	33.520
34.320	33.520
34.280	33.520
34.240	33.520
34.200	33.520
34.160	33.520
34.120	33.520
34.080	33.520
34.040	33.520
34.000	33.520
33.960	33.520
33.920	33.520
33.880	33.520
33.840	33.520
33.800	33.520
33.760	33.520
33.720	33.520
33.680	33.520
33.640	33.520
33.600	33.520
33.560	33.520
33.520	33.520
33.480	33.520
33.440	33.520
33.400	33.520
33.360	33.520
33.320	33.520
33.280	33.520
33.240	33.520
33.200	33.520
33.160	33.520
33.120	33.520
33.080	33.520
33.040	33.520
33.000	33.520
32.960	33.520
32.920	33.520
32.880	33.520
32.840	33.520
32.800	33.520
32.760	33.520
32.720	33.520
32.680	33.520
32.640	33.520
32.600	33.520
32.560	33.520
32.520	33.520
32.480	33.520
32.440	33.520
32.400	33.520
32.360	33.520
32.320	33.520
32.280	33.520
32.240	33.520
32.200	33.520
32.160	33.520
32.120	33.520
32.080	33.520
32.040	33.520
32.000	33.520
31.960	33.520
31.920	33.520
31.880	33.520
31.840	33.520
31.800	33.520
31.760	33.520
31.720	33.520
31.680	33.520
31.640	33.520
31.600	33.520
31.560	33.520
31.520	33.520
31.480	33.520
31.440	33.520
31.400	33.520
31.360	33.520
31.320	33.520
31.280	33.520
31.240	33.520
31.200	33.520
31.160	33.520
31.120	33.520
31.080	33.520
31.040	33.520
31.000	33.520
30.960	33.520
30.920	33.520
30.880	33.520
30.840	33.520
30.800	33.520
30.760	33.520
30.720	33.520
30.680	33.520
30.640	33.520
30.600	33.520
30.560	33.520
30.520	33.520
30.480	33.520
30.440	33.520
30.400	33.520
30.360	33.520
30.320	33.520
30.280	33.520
30.240	33.520
30.200	33.520
30.160	33.520
30.120	33.520
30.080	33.520
30.040	33.520
30.000	33.520
29.960	33.520
29.920	33.520
29.880	33.520
29.840	33.520
29.800	33.520
29.760	33.520
29.720	33.520
29.680	33.520
29.640	33.520
29.600	33.520
29.560	33.520
29.520	33.520
29.480	33.520
29.440	33.520
29.400	33.520
29.360	33.520
29.320	33.520
29.280	33.520
29.240	33.520
29.200	33.520
29.160	33.520
29.120	33.520
29.080	33.520
29.040	33.520
29.000	33.520
28.960	33.520
28.920	33.520
28.880	33.520
28.840	33.520
28.800	33.520
28.760	33.520
28.720	33.520
28.680	33.520
28.640	33.520
28.600	33.520
28.560	33.520
28.520	33.520
28.480	33.520
28.440	33.520
28.400	33.520
28.360	33.520
28.320	33.520
28.280	33.520
28.240	33.520
28.200	33.520
28.160	33.520
28.120	33.520
28.080	33.520
28.040	33.520
28.000	33.520
27.960	33.520
27.920	33.520
27.880	33.520
27.840	33.520
27.800	33.520
27.760	33.520
27.720	33.520
27.680	33.520
27.640	33.520
27.600	33.520
27.560	33.520
27.520	33.520
27.480	33.520
27.440	33.520
27.400	33.520
27.360	33.520
27.320	33.520
27.280	33.520
27.240	33.520
27.200	33.520
27.160	33.520
27.120	33.520
27.080	33.520
27.040	33.520
27.000	33.520
26.960	33.520
26.920	33.520
26.880	33.520
26.840	33.520
26.800	33.520
26.760	33.520
26.720	33.520
26.680	33.520
26.640	33.520
26.600	33.520
26.560	33.520
26.520	33.520
26.480	33.520
26.440	33.520
26.400	33.520
26.360	33.520
26.320	33.520
26.280	33.520
26.240	33.520
26.200	33.520
26.160	33.520
26.120	33.520
26.080	33.520
26.040	33.520
26.000	33.520
25.960	33.520
25.920	33.520
25.880	33.520
25.840	33.520
25.800	33.520
25.760	33.520
25.720	33.520
25.680	33.520
25.640	33.520
25.600	33.520
25.560	33.520
25.520	33.520
25.480	33.520
25.440	33.520
25.400	33.520
25.360	33.520
25.320	33.520
25.280	33.520
25.240	33.520
25.200	33.520
25.160	33.520
25.120	33.520
25.080	33.520
25.040	33.520
25.000	33.520
24.960	33.520
24.920	33.520
24.880	33.520
24.840	33.520
24.800	33.520
24.760	33.520
24.720	33.520
24.680	33.520
24.640	33.520
24.600	33.520
24.560	33.520
24.520	33.520
24.480	33.520
24.440	33.520
24.400	33.520
24.360	33.520
24.320	33.520
24.280	33.520
24.240	33.520
24.200	33.520
24.160	33.520
24.120	33.520
24.080	33.520
24.040	33.520
24.000	33.520
23.960	33.520
23.920	33.520
23.880	33.520
23.840	33.520
23.800	33.520
23.760	33.520
23.720	33.520
23.680	33.520
23.640	33.520
23.600	33.520
23.560	33.520
23.520	33.520
23.480	33.520
23.440	33.520
23.400	33.520
23.360	33.520
23.320	33.520
23.280	33.520
23.240	33.520
23.200	33.520
23.160	33.520
23.120	33.520
23.080	33.520
23.040	33.520
23.000	33.520
22.960	33.520
22.920	33.520
22.880	33.520
22.840	33.520
22.800	33.520
22.760	33.520
22.720	33.520
22.680	33.520
22.640	33.520
22.600	33.520
22.560	33.520
22.520	33.520
22.480	33.520
22.440	33.520
22.400	33.520
22.360	33.520
22.320	33.520
22.280	33.520
22.240	33.520
22.200	33.520
22.160	33.520
22.120	33.520
22.080	33.520
22.040	33.520
22.000	33.520
21.960	33.520
21.920	33.520
21.880	33.520
21.840	33.520
21.800	33.520
21.760	33.520
21.720	33.520
21.680	33.520
21.640	33.520
21.600	33.520
21.560	33.520
21.520	33.520
21.480	33.520
21.440	33.520
21.400	33.520
21.360	33.520
21.320	33.520
21.280	33.520
21.240	33.520
21.200	33.520
21.160	33.520
21.120	33.520
21.080	33.520
21.040	33.520
21.000	33.520
20.960	33.520
20.920	33.520
20.880	33.520
20.840	33.520
20.800	33.520
20.760	33.520
20.720	33.520
20.680	33.520
20.640	33.520
20.600	33.520
20.560	33.520
20.520	33.520
20.480	33.520
20.440	33.520
20.400	33.520
20.360	33.520
20.320	33.520
20.280	33.520
20.240	33.520
20.200	33.520
20.160	33.520
20.120	33.520
20.080	33.520
20.040	33.520
20.000	33.520
19.960	33.520
19.920	33.520
19.880	33.520
19.840	33.520
19.800	33.520
19.760	33.520
19.720	33.520
19.680	33.520
19.640	33.520
19.600	33.520
19.560	33.520
19.520	33.520
19.480	33.520
19.440	33.520
19.400	33.520
19.360	33.520
19.320	33.520
19.280	33.520
19.240	33.520
19.200	33.520
19.160	33.520
19.120	33.520
19.080	33.520
19.040	33.520
19.000	33.520
18.960	33.520
18.920	33.520
18.880	33.520
18.840	33.520
18.800	33.520
18.760	33.520
18.720	33.520
18.680	33.520
18.640	33.520
18.600	33.520
18.560	33.520
18.520	33.520
18.480	33.520
18.440	33.520
18.400	33.520
18.360	33.520
18.320	33.520
18.280	33.520
18.240	33.520
18.200	33.520
18.160	33.520
18.120	33.520
18.080	33.520
18.040	33.520
18.000	33.520
17.960	33.520
17.920	33.520
17.880	33.520
17.840	33.520
17.800	33.520
17.760	33.520
17.720	33.520
17.680	33.520
17.640	33.520
17.600	33.520
17.560	33.520
17.520	33.520
17.480	33.520
17.440	33.520
17.400	33.520
17.360	33.520
17.320	33.520
17.280	33.520
17.240	33.520
17.200	33.520
17.160	33.520
17.120	33.520
17.080	33.520
17.040	33.520
17.000	33.520
16.960	33.520
16.920	33.520
16.880	33.520
16.840	33.520
16.800	33.520
16.760	33.520
16.720	33.520
16.680	33.520
16.640	33.520
16.600	33.520
16.560	33.520
16.520	33.520
16.480	33.520
16.440	33.520
16.400	33.520
16.360	33.520
16.320	33.520
16.280	33.520
16.240	33.520
16.200	33.520
16.160	33.520
16.120	33.520
16.080	33.520
16.040	33.520
16.000	33.520
15.960	33.520
15.920	33.520
15.880	33.520
15.840	33.520
15.800	33.520
15.760	33.520
15.720	33.520
15.680	33.480
15.640	33.480
15.600	33.480
15.560	33.480
15.520	33.480
15.480	33.440
15.440	33.440
15.400	33.440
15.360	33.400
15.320	33.400
15.280	33.360
15.240	33.320
15.200	33.280
15.160	33.240
15.200	33.200
15.200	33.160
15.160	33.120
15.120	33.080
15.120	33.040
15.080	33.000
15.080	32.960
15.040	32.920
15.040	32.880
15.040	32.840
15.040	32.800
15.040	32.760
15.040	32.720
15.040	32.680
15.040	32.640
15.040	32.600
15.080	32.560
15.080	32.520
15.120	32.480
15.120	32.440
15.120	32.400
15.160	32.360
15.200	32.320
15.240	32.280
15.280	32.240
15.320	32.200
15.360	32.240
15.400	32.240
15.440	32.200
15.480	32.200
15.520	32.160
15.560	32.160
15.600	32.160
15.640	32.160
15.680	32.120
15.720	32.120
15.760	32.120
15.800	32.120
15.840	32.120
15.880	32.120
15.920	32.120
15.960	32.120
16.000	32.120
16.040	32.120
16.080	32.120
16.120	32.120
16.160	32.120
16.200	32.120
16.240	32.120
16.280	32.120
16.320	32.120
16.360	32.120
16.400	32.120
16.440	32.120
16.480	32.120
16.520	32.120
16.560	32.120
16.600	32.120
16.640	32.120
16.680	32.120
16.720	32.120
16.760	32.120
16.800	32.120
16.840	32.120
16.880	32.120
16.920	32.120
16.960	32.120
17.000	32.120
17.040	32.120
17.080	32.120
17.120	32.120
17.160	32.120
17.200	32.120
17.240	32.120
17.280	32.120
17.320	32.120
17.360	32.120
17.400	32.120
17.440	32.120
17.480	32.120
17.520	32.120
17.560	32.120
17.600	32.120
17.640	32.120
17.680	32.120
17.720	32.120
17.760	32.120
17.800	32.120
17.840	32.120
17.880	32.120
17.920	32.120
17.960	32.120
18.000	32.120
18.040	32.120
18.080	32.120
18.120	32.120
18.160	32.120
18.200	32.120
18.240	32.120
18.280	32.120
18.320	32.120
18.360	32.120
18.400	32.120
18.440	32.120
18.480	32.120
18.520	32.120
18.560	32.120
18.600	32.120
18.640	32.120
18.680	32.120
18.720	32.120
18.760	32.120
18.800	32.120
18.840	32.120
18.880	32.120
18.920	32.120
18.960	32.120
19.000	32.120
19.040	32.120
19.080	32.120
19.120	32.120
19.160	32.120
19.200	32.120
19.240	32.120
19.280	32.120
19.320	32.120
19.360	32.120
19.400	32.120
19.440	32.120
19.480	32.120
19.520	32.120
19.560	32.120
19.600	32.120
19.640	32.120
19.680	32.120
19.720	32.120
19.760	32.120
19.800	32.120
19.840	32.120
19.880	32.120
19.920	32.120
19.960	32.120
20.000	32.120
20.040	32.120
20.080	32.120
20.120	32.120
20.160	32.120
20.200	32.120
20.240	32.120
20.280	32.120
20.320	32.120
20.360	32.120
20.400	32.120
20.440	32.120
20.480	32.120
20.520	32.120
20.560	32.120
20.600	32.120
20.640	32.120
20.680	32.120
20.720	32.120
20.760	32.120
20.800	32.120
20.840	32.120
20.880	32.120
20.920	32.120
20.960	32.120
21.000	32.120
21.040	32.120
21.080	32.120
21.120	32.120
21.160	32.120
21.200	32.120
21.240	32.120
21.280	32.120
21.320	32.120
21.360	32.120
21.400	32.120
21.440	32.120
21.480	32.120
21.520	32.120
21.560	32.120
21.600	32.120
21.640	32.120
21.680	32.120
21.720	32.120
21.760	32.120
21.800	32.120
21.840	32.120
21.880	32.120
21.920	32.120
21.960	32.120
22.000	32.120
22.040	32.120
22.080	32.120
22.120	32.160
22.160	32.160
22.200	32.160
22.240	32.160
22.280	32.160
22.320	32.200
22.360	32.200
22.400	32.200
22.440	32.200
22.480	32.240
22.520	32.240
22.560	32.240
22.600	32.280
22.640	32.280
22.680	32.280
22.720	32.320
22.760	32.320
22.800	32.320
22.840	32.360
22.880	32.360
22.920	32.400
22.960	32.400
23.000	32.400
23.040	32.440
23.080	32.440
23.120	32.440
23.160	32.440
23.200	32.480
23.240	32.480
23.280	32.480
23.320	32.480
23.360	32.480
23.400	32.520
23.440	32.520
23.480	32.520
23.520	32.520
23.560	32.520
23.600	32.520
23.640	32.520
23.680	32.520
23.720	32.520
23.760	32.520
23.800	32.520
23.840	32.520
23.880	32.520
23.920	32.480
23.960	32.480
24.000	32.480
24.040	32.480
24.080	32.480
24.120	32.440
24.160	32.440
24.200	32.440
24.240	32.400
24.280	32.400
24.320	32.400
24.360	32.360
24.400	32.360
24.440	32.360
24.480	32.320
24.520	32.320
24.560	32.320
24.600	32.280
24.640	32.280
24.680	32.280
24.720	32.240
24.760	32.240
24.800	32.240
24.840	32.200
24.880	32.200
24.920	32.200
24.960	32.200
25.000	32.160
25.040	32.160
25.080	32.160
25.120	32.160
25.160	32.160
25.200	32.160
25.240	32.120
25.280	32.120
25.320	32.120
25.360	32.120
25.400	32.120
25.440	32.120
25.480	32.120
25.520	32.120
25.560	32.120
25.600	32.120
25.640	32.120
25.680	32.120
25.720	32.120
25.760	32.120
25.800	32.120
25.840	32.120
25.880	32.120
25.920	32.120
25.960	32.120
26.000	32.120
26.040	32.120
26.080	32.120
26.120	32.120
26.160	32.120
26.200	32.120
26.240	32.120
26.280	32.120
26.320	32.120
26.360	32.120
26.400	32.120
26.440	32.120
26.480	32.120
26.520	32.120
26.560	32.120
26.600	32.120
26.640	32.120
26.680	32.120
26.720	32.120
26.760	32.120
26.800	32.120
26.840	32.120
26.880	32.120
26.920	32.120
26.960	32.120
27.000	32.120
27.040	32.120
27.080	32.120
27.120	32.120
27.160	32.120
27.200	32.120
27.240	32.120
27.280	32.120
27.320	32.120
27.360	32.120
27.400	32.120
27.440	32.120
27.480	32.120
27.520	32.120
27.560	32.120
27.600	32.120
27.640	32.120
27.680	32.120
27.720	32.120
27.760	32.120
27.800	32.120
27.840	32.120
27.880	32.120
27.920	32.120
27.960	32.120
28.000	32.120
28.040	32.120
28.080	32.120
28.120	32.120
28.160	32.120
28.200	32.120
28.240	32.120
28.280	32.120
28.320	32.120
28.360	32.120
28.400	32.120
28.440	32.120
28.480	32.120
28.520	32.120
28.560	32.120
28.600	32.120
28.640	32.120
28.680	32.120
28.720	32.120
28.760	32.120
28.800	32.120
28.840	32.120
28.880	32.120
28.920	32.120
28.960	32.120
29.000	32.120
29.040	32.120
29.080	32.120
29.120	32.120
29.160	32.120
29.200	32.120
29.240	32.120
29.280	32.120
29.320	32.120
29.360	32.120
29.400	32.120
29.440	32.120
29.480	32.120
29.520	32.120
29.560	32.120
29.600	32.120
29.640	32.120
29.680	32.120
29.720	32.120
29.760	32.120
29.800	32.120
29.840	32.120
29.880	32.120
29.920	32.120
29.960	32.120
30.000	32.120
30.040	32.120
30.080	32.120
30.120	32.120
30.160	32.120
30.200	32.120
30.240	32.120
30.280	32.120
30.320	32.120
30.360	32.120
30.400	32.120
30.440	32.120
30.480	32.120
30.520	32.120
30.560	32.120
30.600	32.120
30.640	32.120
30.680	32.120
30.720	32.120
30.760	32.120
30.800	32.120
30.840	32.120
30.880	32.120
30.920	32.120
30.960	32.120
31.000	32.120
31.040	32.120
31.080	32.120
31.120	32.120
31.160	32.120
31.200	32.120
31.240	32.120
31.280	32.120
31.320	32.120
31.360	32.120
31.400	32.120
31.440	32.120
31.480	32.160
31.520	32.160
31.560	32.160
31.600	32.160
31.640	32.200
31.680	32.200
31.720	32.240
31.760	32.240
31.800	32.240
31.840	32.280
31.880	32.280
31.920	32.280
31.960	32.320
32.000	32.320
32.040	32.360
32.080	32.360
32.120	32.400
32.160	32.400
32.200	32.400
32.240	32.440
32.280	32.440
32.320	32.440
32.360	32.480
32.400	32.480
32.440	32.480
32.480	32.520
32.520	32.520
32.560	32.520
32.600	32.520
32.640	32.520
32.680	32.520
32.720	32.520
32.760	32.520
32.800	32.520
32.840	32.520
32.880	32.520
32.920	32.520
32.960	32.520
33.000	32.520
33.040	32.520
33.080	32.520
33.120	32.520
33.160	32.520
33.200	32.520
33.240	32.520
33.280	32.520
33.320	32.520
33.360	32.520
33.400	32.520
33.440	32.520
33.480	32.520
33.520	32.520
33.560	32.520
33.600	32.520
33.640	32.520
33.680	32.520
33.720	32.520
33.760	32.520
33.800	32.520
33.840	32.520
33.880	32.520
33.920	32.520
33.960	32.520
34.000	32.520
34.040	32.520
34.080	32.520
34.120	32.520
34.160	32.520
34.200	32.520
34.240	32.520
34.280	32.520
34.320	32.520
34.360	32.520
34.400	32.520
34.440	32.520
34.480	32.520
34.520	32.520
34.560	32.520
34.600	32.520
34.640	32.520
34.680	32.520
34.720	32.520
34.760	32.520
34.800	32.520
34.840	32.520
34.880	32.520
34.920	32.520
34.960	32.520
35.000	32.520
35.040	32.520
35.080	32.520
35.120	32.520
35.160	32.520
35.200	32.520
35.240	32.520
35.280	32.520
35.320	32.520
35.360	32.520
35.400	32.520
35.440	32.520
35.480	32.520
35.520	32.520
35.560	32.520
35.600	32.520
35.640	32.520
35.680	32.520
35.720	32.520
35.760	32.520
35.800	32.520
35.840	32.520
35.880	32.520
35.920	32.520
35.960	32.520
36.000	32.520
36.040	32.520
36.080	32.520
36.120	32.520
36.160	32.520
36.200	32.520
36.240	32.520
36.280	32.520
36.320	32.520
36.360	32.520
36.400	32.520
36.440	32.520
36.480	32.520
36.520	32.520
36.560	32.520
36.600	32.520
36.640	32.520
36.680	32.520
36.720	32.520
36.760	32.520
36.800	32.520
36.840	32.520
36.880	32.520
36.920	32.520
36.960	32.520
37.000	32.520
37.040	32.520
37.080	32.520
37.120	32.520
37.160	32.520
37.200	32.520
37.240	32.520
37.280	32.520
37.320	32.520
37.360	32.520
37.400	32.520
37.440	32.520
37.480	32.520
37.520	32.520
37.560	32.520
37.600	32.520
37.640	32.520
37.680	32.520
37.720	32.520
37.760	32.520
37.800	32.520
37.840	32.520
37.880	32.520
37.920	32.520
37.960	32.520
38.000	32.520
38.040	32.520
38.080	32.520
38.120	32.520
38.160	32.520
38.200	32.520
38.240	32.520
38.280	32.520
38.320	32.520
38.360	32.520
38.400	32.520
38.440	32.520
38.480	32.520
38.520	32.520
38.560	32.520
38.600	32.520
38.640	32.520
38.680	32.520
38.720	32.520
38.760	32.520
38.800	32.520
38.840	32.520
38.880	32.520
38.920	32.520
38.960	32.520
39.000	32.520
39.040	32.520
39.080	32.520
39.120	32.520
39.160	32.520
39.200	32.520
39.240	32.520
39.280	32.520
39.320	32.520
39.360	32.520
39.400	32.520
39.440	32.520
39.480	32.520
39.520	32.520
39.560	32.520
39.600	32.520
39.640	32.520
39.680	32.520
39.720	32.520
39.760	32.480
39.800	32.480
39.840	32.480
39.880	32.440
39.920	32.440
39.960	32.400
40.000	32.400
40.040	32.400
40.080	32.360
40.120	32.360
40.160	32.320
40.200	32.280
40.240	32.280
40.280	32.240
40.320	32.240
40.360	32.200
40.400	32.160
40.440	32.160
40.480	32.120
40.520	32.120
40.560	32.080
40.600	32.080
40.640	32.040
40.680	32.040
40.720	32.040
40.760	32.000
40.800	32.000
40.840	32.000
40.880	32.000
40.920	32.000
40.960	32.000
41.000	32.000
41.040	32.000
41.080	31.960
41.120	31.960
41.160	31.960
41.200	31.960
41.240	31.960
41.280	31.960
41.320	31.960
41.360	31.960
41.400	31.960
41.440	31.960
41.480	31.960
41.520	31.960
41.560	31.960
41.600	31.960
41.640	31.960
41.680	31.960
41.720	31.960
41.760	31.960
41.800	31.960
41.840	31.960
41.880	31.960
41.920	31.960
41.960	31.960
42.000	31.960
42.040	31.960
42.080	31.960
42.120	31.960
42.160	31.960
42.200	31.960
42.240	31.960
42.280	31.960
42.320	31.960
42.360	31.960
42.400	31.960
42.440	31.960
42.480	31.960
42.520	31.960
42.560	31.960
42.600	31.960
42.640	31.960
42.680	31.960
42.720	31.960
42.760	31.960
42.800	31.960
42.840	31.960
42.880	31.960
42.920	31.960
42.960	31.960
43.000	31.960
43.040	31.960
43.080	31.960
43.120	31.960
43.160	31.960
43.200	31.960
43.240	31.960
43.280	31.960
43.320	31.960
43.360	31.960
43.400	31.960
43.440	31.960
43.480	31.960
43.520	31.960
43.560	31.960
43.600	31.960
43.640	31.960
43.680	31.960
43.720	31.960
43.760	31.960
43.800	31.960
43.840	31.960
43.880	31.960
43.920	31.960
43.960	31.960
44.000	31.960
44.040	31.960
44.080	31.960
44.120	31.960
44.160	31.960
44.200	31.960
44.240	31.960
44.280	31.960
44.320	31.960
44.360	31.960
44.400	31.960
44.440	31.960
44.480	31.960
44.520	31.960
44.560	31.960
44.600	31.960
44.640	31.960
44.680	31.960
44.720	31.960
44.760	31.960
44.800	31.960
44.840	31.960
44.880	31.960
44.920	31.960
44.960	31.960
45.000	31.960
45.040	31.960
45.080	31.960
45.120	31.960
45.160	31.960
45.200	31.960
45.240	31.960
45.280	31.960
45.320	31.960
45.360	31.960
45.400	31.960
45.440	31.960
45.480	31.960
45.520	31.960
45.560	31.960
45.600	31.960
45.640	31.960
45.680	31.960
45.720	31.960
45.760	31.960
45.800	31.960
45.840	31.960
45.880	31.960
45.920	31.960
45.960	31.960
46.000	31.960
46.040	31.960
46.080	31.960
46.120	31.960
46.160	31.960
46.200	31.960
46.240	31.960
46.280	31.960
46.320	31.960
46.360	31.960
46.400	31.960
46.440	31.960
46.480	31.960
46.520	31.960
46.560	31.960
46.600	31.960
46.640	31.960
46.680	31.960
46.720	31.960
46.760	31.960
46.800	31.960
46.840	31.960
46.880	31.960
46.920	31.960
46.960	31.960
47.000	31.960
47.040	31.960
47.080	31.960
47.120	31.960
47.160	31.960
47.200	31.960
47.240	31.960
47.280	31.960
47.320	31.960
47.360	31.960
47.400	31.960
47.440	31.960
47.480	31.960
47.520	31.960
47.560	31.960
47.600	31.960
47.640	31.960
47.680	31.960
47.720	31.960
47.760	31.960
47.800	31.960
47.840	31.960
47.880	31.960
47.920	31.960
47.960	31.960
48.000	31.960
48.040	31.960
48.080	31.960
48.120	31.960
48.160	31.960
48.200	31.960
48.240	31.960
48.280	31.960
48.320	31.960
48.360	31.960
48.400	31.960
48.440	31.960
48.480	31.960
48.520	31.960
48.560	31.960
48.600	31.960
48.640	31.960
48.680	31.960
48.720	31.960
48.760	31.960
48.800	31.960
48.840	31.960
48.880	31.960
48.920	31.960
48.960	31.960
49.000	31.960
49.040	31.960
49.080	31.960
49.120	31.960
49.160	31.960
49.200	31.960
49.240	31.960
49.280	31.960
49.320	31.960
49.360	31.960
49.400	31.960
49.440	31.960
49.480	31.960
49.520	31.960
49.560	31.960
49.600	31.960
49.640	31.960
49.680	31.960
49.720	31.960
49.760	31.960
49.800	31.960
49.840	31.960
49.880	31.960
49.920	31.960
49.960	31.960
50.000	31.960
50.040	31.960
50.080	31.960
50.120	31.960
50.160	31.960
50.200	31.960
50.240	31.960
50.280	31.960
50.320	31.960
50.360	31.960
50.400	31.960
50.440	31.960
50.480	31.960
50.520	31.960
50.560	31.960
50.600	31.960
50.640	31.960
50.680	31.960
50.720	31.960
50.760	31.960
50.800	31.960
50.840	31.960
50.880	31.960
50.920	31.960
50.960	31.960
51.000	31.960
51.040	31.960
51.080	31.960
51.120	31.960
51.160	31.960
51.200	31.960
51.240	31.960
51.280	31.960
51.320	31.960
51.360	31.960
51.400	31.960
51.440	31.960
51.480	31.960
51.520	31.960
51.560	31.960
51.600	31.960
51.640	31.960
51.680	31.960
51.720	31.960
51.760	31.960
51.800	31.960
51.840	31.960
51.880	31.960
51.920	31.960
51.960	31.960
52.000	31.960
52.040	31.960
52.080	31.960
52.120	31.960
52.160	31.960
52.200	31.960
52.240	31.960
52.280	31.960
52.320	31.960
52.360	31.960
52.400	31.960
52.440	31.960
52.480	31.960
52.520	31.960
52.560	31.960
52.600	31.960
52.640	31.960
52.680	31.960
52.720	31.960
52.760	31.960
52.800	31.960
52.840	31.960
52.880	31.960
52.920	31.960
52.960	31.960
53.000	31.960
53.040	31.960
53.080	31.960
53.120	31.960
53.160	31.960
53.200	31.960
53.240	31.960
53.280	31.960
53.320	31.960
53.360	31.960
53.400	31.960
53.440	31.960
53.480	31.960
53.520	31.960
53.560	31.960
53.600	31.960
53.640	31.960
53.680	31.960
53.720	31.960
53.760	31.960
53.800	31.960
53.840	31.960
53.880	31.960
53.920	31.960
53.960	31.960
54.000	31.960
54.040	31.960
54.080	31.960
54.120	31.960
54.160	31.960
54.200	31.960
54.240	31.960
54.280	31.960
54.320	31.960
54.360	31.960
54.400	31.960
54.440	31.960
54.480	31.960
54.520	31.960
54.560	31.960
54.600	31.960
54.640	31.960
54.680	31.960
54.720	31.960
54.760	31.960
54.800	31.960
54.840	31.960
54.880	31.960
54.920	31.960
54.960	31.960
55.000	31.960
55.040	31.960
55.080	31.960
55.120	31.960
55.160	31.960
55.200	31.960
55.240	31.960
55.280	31.960
55.320	31.960
55.360	31.960
55.400	31.960
55.440	31.960
55.480	31.960
55.520	31.960
55.560	31.960
55.600	31.960
55.640	31.960
55.680	31.960
55.720	31.960
55.760	31.960
55.800	31.960
55.840	31.960
55.880	31.960
55.920	31.960
55.960	31.960
56.000	31.960
56.040	31.960
56.080	31.960
56.120	31.960
56.160	31.960
56.200	31.960
56.240	31.960
56.280	31.960
56.320	31.960
56.360	31.960
56.400	31.960
56.440	31.960
56.480	31.960
56.520	31.960
56.560	31.960
56.600	31.960
56.640	31.960
56.680	31.960
56.720	31.960
56.760	31.960
56.800	31.960
56.840	31.960
56.880	31.960
56.920	31.960
56.960	31.960
57.000	31.960
57.040	31.960
57.080	31.960
57.120	31.960
57.160	31.960
57.200	31.960
57.240	31.920
57.280	31.920
57.320	31.880
57.360	31.840
57.400	31.800
57.360	31.760
57.360	31.720
57.400	31.680
57.400	31.640
57.440	31.600
57.440	31.560
57.440	31.520
57.480	31.480
57.480	31.440
57.480	31.400
57.480	31.360
57.480	31.320
57.480	31.280
57.480	31.240
57.480	31.200
57.480	31.160
57.480	31.120
57.480	31.080
57.480	31.040
57.480	31.000
57.480	30.960
57.480	30.920
57.480	30.880
57.480	30.840
57.480	30.800
57.480	30.760
57.480	30.720
57.480	30.680
57.480	30.640
57.480	30.600
57.480	30.560
57.480	30.520
57.480	30.480
57.480	30.440
57.480	30.400
57.480	30.360
57.480	30.320
57.480	30.280
57.480	30.240
57.480	30.200
57.480	30.160
57.480	30.120
57.480	30.080
57.480	30.040
57.480	30.000
57.480	29.960
57.480	29.920
57.480	29.880
57.480	29.840
57.480	29.800
57.480	29.760
57.480	29.720
57.480	29.680
57.480	29.640
57.480	29.600
57.480	29.560
57.480	29.520
57.480	29.480
57.480	29.440
57.480	29.400
57.480	29.360
57.480	29.320
57.480	29.280
57.480	29.240
57.480	29.200
57.480	29.160
57.480	29.120
57.480	29.080
57.480	29.040
57.480	29.000
57.480	28.960
57.480	28.920
57.480	28.880
57.480	28.840
57.480	28.800
57.480	28.760
57.480	28.720
57.480	28.680
57.480	28.640
57.480	28.600
57.480	28.560
57.480	28.520
57.480	28.480
57.480	28.440
57.480	28.400
57.480	28.360
57.480	28.320
57.480	28.280
57.480	28.240
57.480	28.200
57.480	28.160
57.480	28.120
57.480	28.080
57.480	28.040
57.480	28.000
57.480	27.960
57.480	27.920
57.480	27.880
57.480	27.840
57.480	27.800
57.480	27.760
57.480	27.720
57.480	27.680
57.480	27.640
57.480	27.600
57.480	27.560
57.480	27.520
57.480	27.480
57.480	27.440
57.480	27.400
57.480	27.360
57.480	27.320
57.480	27.280
57.480	27.240
57.480	27.200
57.480	27.160
57.480	27.120
57.480	27.080
57.480	27.040
57.480	27.000
57.480	26.960
57.480	26.920
57.480	26.880
57.480	26.840
57.480	26.800
57.480	26.760
57.480	26.720
57.480	26.680
57.480	26.640
57.480	26.600
57.480	26.560
57.480	26.520
57.480	26.480
57.480	26.440
57.480	26.400
57.480	26.360
57.480	26.320
57.480	26.280
57.480	26.240
57.480	26.200
57.480	26.160
57.480	26.120
57.480	26.080
57.480	26.040
57.480	26.000
57.480	25.960
57.480	25.920
57.480	25.880
57.480	25.840
57.480	25.800
57.480	25.760
57.480	25.720
57.480	25.680
57.480	25.640
57.480	25.600
57.480	25.560
57.480	25.520
57.480	25.480
57.480	25.440
57.480	25.400
57.480	25.360
57.480	25.320
57.480	25.280
57.480	25.240
57.480	25.200
57.480	25.160
57.480	25.120
57.480	25.080
57.480	25.040
57.480	25.000
57.480	24.960
57.480	24.920
57.480	24.880
57.480	24.840
57.480	24.800
57.480	24.760
57.480	24.720
57.480	24.680
57.480	24.640
57.480	24.600
57.480	24.560
57.480	24.520
57.480	24.480
57.480	24.440
57.480	24.400
57.480	24.360
57.480	24.320
57.480	24.280
57.480	24.240
57.480	24.200
57.480	24.160
57.480	24.120
57.480	24.080
57.480	24.040
57.480	24.000
57.480	23.960
57.480	23.920
57.480	23.880
57.480	23.840
57.480	23.800
57.480	23.760
57.480	23.720
57.480	23.680
57.480	23.640
57.480	23.600
57.480	23.560
57.480	23.520
57.480	23.480
57.480	23.440
57.480	23.400
57.480	23.360
57.480	23.320
57.480	23.280
57.480	23.240
57.480	23.200
57.480	23.160
57.480	23.120
57.480	23.080
57.480	23.040
57.480	23.000
57.480	22.960
57.480	22.920
57.480	22.880
57.480	22.840
57.480	22.800
57.480	22.760
57.480	22.720
57.480	22.680
57.480	22.640
57.480	22.600
57.480	22.560
57.480	22.520
57.480	22.480
57.480	22.440
57.480	22.400
57.480	22.360
57.480	22.320
57.480	22.280
57.480	22.240
57.480	22.200
57.480	22.160
57.480	22.120
57.480	22.080
57.480	22.040
57.480	22.000
57.480	21.960
57.480	21.920
57.480	21.880
57.480	21.840
57.480	21.800
57.480	21.760
57.480	21.720
57.480	21.680
57.480	21.640
57.480	21.600
57.480	21.560
57.480	21.520
57.480	21.480
57.480	21.440
57.480	21.400
57.480	21.360
57.480	21.320
57.480	21.280
57.480	21.240
57.480	21.200
57.480	21.160
57.480	21.120
57.480	21.080
57.480	21.040
57.480	21.000
57.480	20.960
57.480	20.920
57.480	20.880
57.480	20.840
57.480	20.800
57.480	20.760
57.480	20.720
57.480	20.680
57.480	20.640
57.480	20.600
57.480	20.560
57.480	20.520
57.480	20.480
57.480	20.440
57.480	20.400
57.480	20.360
57.480	20.320
57.480	20.280
57.480	20.240
57.480	20.200
57.480	20.160
57.480	20.120
57.480	20.080
57.480	20.040
57.480	20.000
57.480	19.960
57.480	19.920
57.480	19.880
57.480	19.840
57.480	19.800
57.480	19.760
57.480	19.720
57.480	19.680
57.480	19.640
57.480	19.600
57.480	19.560
57.480	19.520
57.480	19.480
57.480	19.440
57.480	19.400
57.480	19.360
57.480	19.320
57.480	19.280
57.480	19.240
57.480	19.200
57.480	19.160
57.480	19.120
57.480	19.080
57.480	19.040
57.480	19.000
57.480	18.960
57.480	18.920
57.480	18.880
57.480	18.840
57.480	18.800
57.480	18.760
57.480	18.720
57.480	18.680
57.480	18.640
57.480	18.600
57.480	18.560
57.480	18.520
57.480	18.480
57.480	18.440
57.480	18.400
57.480	18.360
57.480	18.320
57.480	18.280
57.480	18.240
57.480	18.200
57.480	18.160
57.480	18.120
57.480	18.080
57.480	18.040
57.480	18.000
57.480	17.960
57.480	17.920
57.480	17.880
57.480	17.840
57.480	17.800
57.480	17.760
57.480	17.720
57.480	17.680
57.480	17.640
57.480	17.600
57.480	17.560
57.480	17.520
57.480	17.480
57.480	17.440
57.480	17.400
57.480	17.360
57.480	17.320
57.480	17.280
57.480	17.240
57.480	17.200
57.480	17.160
57.480	17.120
57.480	17.080
57.480	17.040
57.480	17.000
57.480	16.960
57.480	16.920
57.480	16.880
57.480	16.840
57.480	16.800
57.480	16.760
57.480	16.720
57.480	16.680
57.480	16.640
57.480	16.600
57.480	16.560
57.480	16.520
57.480	16.480
57.480	16.440
57.480	16.400
57.480	16.360
57.480	16.320
57.480	16.280
57.480	16.240
57.480	16.200
57.480	16.160
57.480	16.120
57.480	16.080
57.480	16.040
57.480	16.000
57.480	15.960
57.480	15.920
57.480	15.880
57.480	15.840
57.480	15.800
57.480	15.760
57.480	15.720
57.480	15.680
57.480	15.640
57.480	15.600
57.480	15.560
57.480	15.520
57.480	15.480
57.480	15.440
57.480	15.400
57.480	15.360
57.480	15.320
57.480	15.280
57.480	15.240
57.480	15.200
57.480	15.160
57.480	15.120
57.480	15.080
57.480	15.040
57.480	15.000
57.480	14.960
57.480	14.920
57.480	14.880
57.480	14.840
57.480	14.800
57.480	14.760
57.480	14.720
57.480	14.680
57.480	14.640
57.480	14.600
57.480	14.560
57.480	14.520
57.480	14.480
57.480	14.440
57.480	14.400
57.480	14.360
57.480	14.320
57.480	14.280
57.480	14.240
57.480	14.200
57.480	14.160
57.480	14.120
57.480	14.080
57.480	14.040
57.480	14.000
57.480	13.960
57.480	13.920
57.480	13.880
57.480	13.840
57.480	13.800
57.480	13.760
57.480	13.720
57.480	13.680
57.480	13.640
57.480	13.600
57.480	13.560
57.480	13.520
57.480	13.480
57.480	13.440
57.480	13.400
57.480	13.360
57.480	13.320
57.480	13.280
57.480	13.240
57.480	13.200
57.480	13.160
57.480	13.120
57.480	13.080
57.480	13.040
57.480	13.000
57.480	12.960
57.480	12.920
57.480	12.880
57.480	12.840
57.480	12.800
57.480	12.760
57.480	12.720
57.480	12.680
57.480	12.640
57.480	12.600
57.480	12.560
57.480	12.520
57.480	12.480
57.480	12.440
57.480	12.400
57.480	12.360
57.480	12.320
57.480	12.280
57.480	12.240
57.480	12.200
57.480	12.160
57.480	12.120
57.480	12.080
57.480	12.040
57.480	12.000
57.480	11.960
57.480	11.920
57.480	11.880
57.480	11.840
57.480	11.800
57.480	11.760
57.480	11.720
57.480	11.680
57.480	11.640
57.480	11.600
57.480	11.560
57.480	11.520
57.480	11.480
57.480	11.440
57.480	11.400
57.480	11.360
57.480	11.320
57.480	11.280
57.480	11.240
57.480	11.200
57.480	11.160
57.480	11.120
57.480	11.080
57.480	11.040
57.480	11.000
57.480	10.960
57.480	10.920
57.480	10.880
57.480	10.840
57.480	10.800
57.480	10.760
57.480	10.720
57.480	10.680
57.480	10.640
57.480	10.600
57.480	10.560
57.480	10.520
57.480	10.480
57.480	10.440
57.480	10.400
57.480	10.360
57.480	10.320
57.480	10.280
57.480	10.240
57.480	10.200
57.480	10.160
57.480	10.120
57.480	10.080
57.480	10.040
57.480	10.000
57.480	9.960
57.480	9.920
57.480	9.880
57.480	9.840
57.480	9.800
57.480	9.760
57.480	9.720
57.480	9.680
57.480	9.640
57.480	9.600
57.480	9.560
57.480	9.520
57.480	9.480
57.480	9.440
57.480	9.400
57.480	9.360
57.480	9.320
57.480	9.280
57.480	9.240
57.480	9.200
57.480	9.160
57.480	9.120
57.480	9.080
57.480	9.040
57.480	9.000
57.480	8.960
57.480	8.920
57.480	8.880
57.480	8.840
57.480	8.800
57.480	8.760
57.480	8.720
57.480	8.680
57.480	8.640
57.480	8.600
57.480	8.560
57.480	8.520
57.480	8.480
57.480	8.440
57.480	8.400
57.480	8.360
57.480	8.320
57.480	8.280
57.480	8.240
57.480	8.200
57.480	8.160
57.480	8.120
57.480	8.080
57.480	8.040
57.480	8.000
57.480	7.960
57.480	7.920
57.480	7.880
57.480	7.840
57.480	7.800
57.480	7.760
57.480	7.720
57.480	7.680
57.480	7.640
57.480	7.600
57.480	7.560
57.480	7.520
57.480	7.480
57.480	7.440
57.480	7.400
57.440	7.360
57.440	7.320
57.440	7.280
57.400	7.240
57.400	7.200
57.360	7.160
57.320	7.120
57.280	7.080
57.240	7.120
57.200	7.120
57.160	7.080
57.120	7.080
57.080	7.040
57.040	7.040
57.000	7.040
56.960	7.040
56.920	7.040
56.880	7.040
56.840	7.040
56.800	7.040
56.760	7.040
56.720	7.040
56.680	7.040
56.640	7.040
56.600	7.040
56.560	7.040
56.520	7.040
56.480	7.040
56.440	7.040
56.400	7.040
56.360	7.040
56.320	7.040
56.280	7.040
56.240	7.040
56.200	7.040
56.160	7.040
56.120	7.040
56.080	7.040
56.040	7.040
56.000	7.040
55.960	7.040
55.920	7.040
55.880	7.040
55.840	7.040
55.800	7.040
55.760	7.040
55.720	7.040
55.680	7.040
55.640	7.040
55.600	7.040
55.560	7.040
55.520	7.040
55.480	7.040
55.440	7.040
55.400	7.040
55.360	7.040
55.320	7.040
55.280	7.040
55.240	7.040
55.200	7.040
55.160	7.040
55.120	7.040
55.080	7.040
55.040	7.040
55.000	7.040
54.960	7.040
54.920	7.040
54.880	7.040
54.840	7.040
54.800	7.040
54.760	7.040
54.720	7.040
54.680	7.040
54.640	7.040
54.600	7.040
54.560	7.040
54.520	7.040
54.480	7.040
54.440	7.040
54.400	7.040
54.360	7.040
54.320	7.040
54.280	7.040
54.240	7.040
54.200	7.040
54.160	7.040
54.120	7.040
54.080	7.040
54.040	7.040
54.000	7.040
53.960	7.040
53.920	7.040
53.880	7.040
53.840	7.040
53.800	7.040
53.760	7.040
53.720	7.040
53.680	7.040
53.640	7.040
53.600	7.040
53.560	7.040
53.520	7.040
53.480	7.040
53.440	7.040
53.400	7.040
53.360	7.040
53.320	7.040
53.280	7.040
53.240	7.040
53.200	7.040
53.160	7.040
53.120	7.040
53.080	7.040
53.040	7.040
53.000	7.040
52.960	7.040
52.920	7.040
52.880	7.040
52.840	7.040
52.800	7.040
52.760	7.040
52.720	7.040
52.680	7.040
52.640	7.040
52.600	7.040
52.560	7.040
52.520	7.040
52.480	7.040
52.440	7.040
52.400	7.040
52.360	7.040
52.320	7.040
52.280	7.040
52.240	7.040
52.200	7.040
52.160	7.040
52.120	7.040
52.080	7.040
52.040	7.040
52.000	7.040
51.960	7.040
51.920	7.040
51.880	7.040
51.840	7.040
51.800	7.040
51.760	7.040
51.720	7.040
51.680	7.040
51.640	7.040
51.600	7.040
51.560	7.040
51.520	7.040
51.480	7.040
51.440	7.040
51.400	7.040
51.360	7.040
51.320	7.040
51.280	7.040
51.240	7.040
51.200	7.040
51.160	7.040
51.120	7.040
51.080	7.040
51.040	7.040
51.000	7.040
50.960	7.040
50.920	7.040
50.880	7.040
50.840	7.040
50.800	7.040
50.760	7.040
50.720	7.040
50.680	7.040
50.640	7.040
50.600	7.040
50.560	7.040
50.520	7.040
50.480	7.040
50.440	7.040
50.400	7.040
50.360	7.040
50.320	7.040
50.280	7.040
50.240	7.040
50.200	7.040
50.160	7.040
50.120	7.040
50.080	7.040
50.040	7.040
50.000	7.040
49.960	7.040
49.920	7.040
49.880	7.040
49.840	7.040
49.800	7.040
49.760	7.040
49.720	7.040
49.680	7.040
49.640	7.040
49.600	7.040
49.560	7.040
49.520	7.040
49.480	7.040
49.440	7.040
49.400	7.040
49.360	7.040
49.320	7.040
49.280	7.040
49.240	7.040
49.200	7.040
49.160	7.040
49.120	7.040
49.080	7.040
49.040	7.040
49.000	7.040
48.960	7.040
48.920	7.040
48.880	7.040
48.840	7.040
48.800	7.040
48.760	7.040
48.720	7.040
48.680	7.040
48.640	7.040
48.600	7.040
48.560	7.040
48.520	7.040
48.480	7.040
48.440	7.040
48.400	7.040
48.360	7.040
48.320	7.040
48.280	7.040
48.240	7.040
48.200	7.040
48.160	7.040
48.120	7.040
48.080	7.040
48.040	7.040
48.000	7.040
47.960	7.040
47.920	7.040
47.880	7.040
47.840	7.040
47.800	7.040
47.760	7.040
47.720	7.040
47.680	7.040
47.640	7.040
47.600	7.040
47.560	7.040
47.520	7.040
47.480	7.040
47.440	7.040
47.400	7.040
47.360	7.040
47.320	7.040
47.280	7.040
47.240	7.040
47.200	7.040
47.160	7.040
47.120	7.040
47.080	7.040
47.040	7.040
47.000	7.040
46.960	7.040
46.920	7.040
46.880	7.040
46.840	7.040
46.800	7.040
46.760	7.040
46.720	7.040
46.680	7.040
46.640	7.040
46.600	7.040
46.560	7.040
46.520	7.040
46.480	7.040
46.440	7.040
46.400	7.040
46.360	7.040
46.320	7.040
46.280	7.040
46.240	7.040
46.200	7.040
46.160	7.040
46.120	7.040
46.080	7.040
46.040	7.040
46.000	7.040
45.960	7.040
45.920	7.040
45.880	7.040
45.840	7.040
45.800	7.040
45.760	7.040
45.720	7.040
45.680	7.040
45.640	7.040
45.600	7.040
45.560	7.040
45.520	7.040
45.480	7.040
45.440	7.040
45.400	7.040
45.360	7.040
45.320	7.040
45.280	7.040
45.240	7.040
45.200	7.040
45.160	7.040
45.120	7.040
45.080	7.040
45.040	7.040
45.000	7.040
44.960	7.040
44.920	7.040
44.880	7.040
44.840	7.040
44.800	7.040
44.760	7.040
44.720	7.040
44.680	7.040
44.640	7.040
44.600	7.040
44.560	7.040
44.520	7.040
44.480	7.040
44.440	7.040
44.400	7.040
44.360	7.040
44.320	7.040
44.280	7.040
44.240	7.040
44.200	7.040
44.160	7.040
44.120	7.040
44.080	7.040
44.040	7.040
44.000	7.040
43.960	7.040
43.920	7.040
43.880	7.040
43.840	7.040
43.800	7.040
43.760	7.040
43.720	7.040
43.680	7.040
43.640	7.040
43.600	7.040
43.560	7.040
43.520	7.040
43.480	7.040
43.440	7.040
43.400	7.040
43.360	7.040
43.320	7.040
43.280	7.040
43.240	7.040
43.200	7.040
43.160	7.040
43.120	7.040
43.080	7.040
43.040	7.040
43.000	7.040
42.960	7.040
42.920	7.040
42.880	7.040
42.840	7.040
42.800	7.040
42.760	7.040
42.720	7.040
42.680	7.040
42.640	7.040
42.600	7.040
42.560	7.040
42.520	7.040
42.480	7.040
42.440	7.040
42.400	7.040
42.360	7.040
42.320	7.040
42.280	7.040
42.240	7.040
42.200	7.040
42.160	7.040
42.120	7.040
42.080	7.040
42.040	7.040
42.000	7.040
41.960	7.040
41.920	7.040
41.880	7.040
41.840	7.040
41.800	7.040
41.760	7.040
41.720	7.040
41.680	7.040
41.640	7.040
41.600	7.040
41.560	7.040
41.520	7.040
41.480	7.040
41.440	7.040
41.400	7.040
41.360	7.040
41.320	7.040
41.280	7.040
41.240	7.040
41.200	7.040
41.160	7.040
41.120	7.040
41.080	7.040
41.040	7.040
41.000	7.040
40.960	7.040
40.920	7.040
40.880	7.040
40.840	7.040
40.800	7.040
40.760	7.040
40.720	7.040
40.680	7.040
40.640	7.040
40.600	7.040
40.560	7.040
40.520	7.040
40.480	7.040
40.440	7.040
40.400	7.040
40.360	7.040
40.320	7.040
40.280	7.040
40.240	7.040
40.200	7.040
40.160	7.040
40.120	7.040
40.080	7.040
40.040	7.040
40.000	7.040
39.960	7.040
39.920	7.040
39.880	7.040
39.840	7.040
39.800	7.040
39.760	7.040
39.720	7.040
39.680	7.040
39.640	7.040
39.600	7.040
39.560	7.040
39.520	7.040
39.480	7.040
39.440	7.040
39.400	7.040
39.360	7.040
39.320	7.040
39.280	7.040
39.240	7.040
39.200	7.040
39.160	7.040
39.120	7.040
39.080	7.040
39.040	7.040
39.000	7.040
38.960	7.040
38.920	7.040
38.880	7.040
38.840	7.040
38.800	7.040
38.760	7.040
38.720	7.040
38.680	7.040
38.640	7.040
38.600	7.040
38.560	7.040
38.520	7.040
38.480	7.040
38.440	7.040
38.400	7.040
38.360	7.040
38.320	7.040
38.280	7.040
38.240	7.040
38.200	7.040
38.160	7.040
38.120	7.040
38.080	7.040
38.040	7.040
38.000	7.040
37.960	7.040
37.920	7.040
37.880	7.040
37.840	7.040
37.800	7.040
37.760	7.040
37.720	7.040
37.680	7.040
37.640	7.040
37.600	7.040
37.560	7.040
37.520	7.040
37.480	7.040
37.440	7.040
37.400	7.040
37.360	7.040
37.320	7.040
37.280	7.040
37.240	7.040
37.200	7.040
37.160	7.040
37.120	7.040
37.080	7.040
37.040	7.040
37.000	7.040
36.960	7.040
36.920	7.040
36.880	7.040
36.840	7.040
36.800	7.040
36.760	7.040
36.720	7.040
36.680	7.040
36.640	7.040
36.600	7.040
36.560	7.040
36.520	7.040
36.480	7.040
36.440	7.040
36.400	7.040
36.360	7.040
36.320	7.040
36.280	7.040
36.240	7.040
36.200	7.040
36.160	7.040
36.120	7.040
36.080	7.040
36.040	7.040
36.000	7.040
35.960	7.040
35.920	7.040
35.880	7.040
35.840	7.040
35.800	7.040
35.760	7.040
35.720	7.040
35.680	7.040
35.640	7.040
35.600	7.040
35.560	7.040
35.520	7.040
35.480	7.040
35.440	7.040
35.400	7.040
35.360	7.040
35.320	7.040
35.280	7.040
35.240	7.040
35.200	7.040
35.160	7.040
35.120	7.040
35.080	7.040
35.040	7.040
35.000	7.040
34.960	7.040
34.920	7.040
34.880	7.040
34.840	7.040
34.800	7.040
34.760	7.040
34.720	7.040
34.680	7.040
34.640	7.040
34.600	7.040
34.560	7.040
34.520	7.040
34.480	7.040
34.440	7.040
34.400	7.040
34.360	7.040
34.320	7.040
34.280	7.040
34.240	7.040
34.200	7.040
34.160	7.040
34.120	7.040
34.080	7.040
34.040	7.040
34.000	7.040
33.960	7.040
33.920	7.040
33.880	7.040
33.840	7.040
33.800	7.040
33.760	7.040
33.720	7.040
33.680	7.040
33.640	7.040
33.600	7.040
33.560	7.040
33.520	7.040
33.480	7.040
33.440	7.040
33.400	7.040
33.360	7.040
33.320	7.040
33.280	7.040
33.240	7.040
33.200	7.040
33.160	7.040
33.120	7.040
33.080	7.040
33.040	7.040
33.000	7.040
32.960	7.040
32.920	7.040
32.880	7.040
32.840	7.040
32.800	7.040
32.760	7.040
32.720	7.040
32.680	7.040
32.640	7.040
32.600	7.040
32.560	7.040
32.520	7.040
32.480	7.040
32.440	7.040
32.400	7.040
32.360	7.040
32.320	7.040
32.280	7.040
32.240	7.040
32.200	7.040
32.160	7.040
32.120	7.040
32.080	7.040
32.040	7.040
32.000	7.040
31.960	7.040
31.920	7.040
31.880	7.040
31.840	7.040
31.800	7.040
31.760	7.040
31.720	7.040
31.680	7.040
31.640	7.040
31.600	7.040
31.560	7.040
31.520	7.040
31.480	7.040
31.440	7.040
31.400	7.040
31.360	7.040
31.320	7.040
31.280	7.040
31.240	7.040
31.200	7.040
31.160	7.040
31.120	7.040
31.080	7.040
31.040	7.040
31.000	7.040
30.960	7.040
30.920	7.040
30.880	7.040
30.840	7.040
30.800	7.040
30.760	7.040
30.720	7.040
30.680	7.040
30.640	7.040
30.600	7.040
30.560	7.040
30.520	7.040
30.480	7.040
30.440	7.040
30.400	7.040
30.360	7.040
30.320	7.040
30.280	7.040
30.240	7.040
30.200	7.040
30.160	7.040
30.120	7.040
30.080	7.040
30.040	7.040
30.000	7.040
29.960	7.040
29.920	7.040
29.880	7.040
29.840	7.040
29.800	7.040
29.760	7.040
29.720	7.040
29.680	7.040
29.640	7.040
29.600	7.040
29.560	7.040
29.520	7.040
29.480	7.040
29.440	7.040
29.400	7.040
29.360	7.040
29.320	7.040
29.280	7.040
29.240	7.040
29.200	7.040
29.160	7.040
29.120	7.040
29.080	7.040
29.040	7.040
29.000	7.040
28.960	7.040
28.920	7.040
28.880	7.040
28.840	7.040
28.800	7.040
28.760	7.040
28.720	7.040
28.680	7.040
28.640	7.040
28.600	7.040
28.560	7.040
28.520	7.040
28.480	7.040
28.440	7.040
28.400	7.040
28.360	7.040
28.320	7.040
28.280	7.040
28.240	7.040
28.200	7.040
28.160	7.040
28.120	7.040
28.080	7.040
28.040	7.040
28.000	7.040
27.960	7.040
27.920	7.040
27.880	7.040
27.840	7.040
27.800	7.040
27.760	7.040
27.720	7.040
27.680	7.040
27.640	7.040
27.600	7.040
27.560	7.040
27.520	7.040
27.480	7.040
27.440	7.040
27.400	7.040
27.360	7.040
27.320	7.040
27.280	7.040
27.240	7.040
27.200	7.040
27.160	7.040
27.120	7.040
27.080	7.040
27.040	7.040
27.000	7.040
26.960	7.040
26.920	7.040
26.880	7.040
26.840	7.040
26.800	7.040
26.760	7.040
26.720	7.040
26.680	7.040
26.640	7.040
26.600	7.040
26.560	7.040
26.520	7.040
26.480	7.040
26.440	7.040
26.400	7.040
26.360	7.040
26.320	7.040
26.280	7.040
26.240	7.040
26.200	7.040
26.160	7.040
26.120	7.040
26.080	7.040
26.040	7.040
26.000	7.040
25.960	7.040
25.920	7.040
25.880	7.040
25.840	7.040
25.800	7.040
25.760	7.040
25.720	7.040
25.680	7.040
25.640	7.040
25.600	7.040
25.560	7.040
25.520	7.040
25.480	7.040
25.440	7.040
25.400	7.040
25.360	7.040
25.320	7.040
25.280	7.040
25.240	7.040
25.200	7.040
25.160	7.040
25.120	7.040
25.080	7.040
25.040	7.040
25.000	7.040
24.960	7.040
24.920	7.040
24.880	7.040
24.840	7.040
24.800	7.040
24.760	7.040
24.720	7.040
24.680	7.040
24.640	7.040
24.600	7.040
24.560	7.040
24.520	7.040
24.480	7.040
24.440	7.040
24.400	7.040
24.360	7.040
24.320	7.040
24.280	7.040
24.240	7.040
24.200	7.040
24.160	7.040
24.120	7.040
24.080	7.040
24.040	7.040
24.000	7.040
23.960	7.040
23.920	7.040
23.880	7.040
23.840	7.040
23.800	7.040
23.760	7.040
23.720	7.040
23.680	7.040
23.640	7.040
23.600	7.040
23.560	7.040
23.520	7.040
23.480	7.040
23.440	7.040
23.400	7.040
23.360	7.040
23.320	7.040
23.280	7.040
23.240	7.040
23.200	7.040
23.160	7.040
23.120	7.040
23.080	7.040
23.040	7.040
23.000	7.040
22.960	7.040
22.920	7.040
22.880	7.040
22.840	7.040
22.800	7.040
22.760	7.040
22.720	7.040
22.680	7.040
22.640	7.040
22.600	7.040
22.560	7.040
22.520	7.040
22.480	7.040
22.440	7.040
22.400	7.040
22.360	7.040
22.320	7.040
22.280	7.040
22.240	7.040
22.200	7.040
22.160	7.040
22.120	7.040
22.080	7.040
22.040	7.040
22.000	7.040
21.960	7.040
21.920	7.040
21.880	7.040
21.840	7.040
21.800	7.040
21.760	7.040
21.720	7.040
21.680	7.040
21.640	7.040
21.600	7.040
21.560	7.040
21.520	7.040
21.480	7.040
21.440	7.040
21.400	7.040
21.360	7.040
21.320	7.040
21.280	7.040
21.240	7.040
21.200	7.040
21.160	7.040
21.120	7.040
21.080	7.040
21.040	7.040
21.000	7.040
20.960	7.040
20.920	7.040
20.880	7.040
20.840	7.040
20.800	7.040
20.760	7.040
20.720	7.040
20.680	7.040
20.640	7.040
20.600	7.040
20.560	7.040
20.520	7.040
20.480	7.040
20.440	7.040
20.400	7.040
20.360	7.040
20.320	7.040
20.280	7.040
20.240	7.040
20.200	7.040
20.160	7.040
20.120	7.040
20.080	7.040
20.040	7.040
20.000	7.040
19.960	7.040
19.920	7.040
19.880	7.040
19.840	7.040
19.800	7.040
19.760	7.040
19.720	7.040
19.680	7.040
19.640	7.040
19.600	7.040
19.560	7.040
19.520	7.040
19.480	7.040
19.440	7.040
19.400	7.040
19.360	7.040
19.320	7.040
19.280	7.040
19.240	7.040
19.200	7.040
19.160	7.040
19.120	7.040
19.080	7.040
19.040	7.040
19.000	7.040
18.960	7.040
18.920	7.040
18.880	7.040
18.840	7.040
18.800	7.040
18.760	7.040
18.720	7.040
18.680	7.040
18.640	7.040
18.600	7.040
18.560	7.040
18.520	7.040
18.480	7.040
18.440	7.040
18.400	7.040
18.360	7.040
18.320	7.040
18.280	7.040
18.240	7.040
18.200	7.040
18.160	7.040
18.120	7.040
18.080	7.040
18.040	7.040
18.000	7.040
17.960	7.040
17.920	7.040
17.880	7.040
17.840	7.040
17.800	7.040
17.760	7.040
17.720	7.040
17.680	7.040
17.640	7.040
17.600	7.040
17.560	7.040
17.520	7.040
17.480	7.040
17.440	7.040
17.400	7.040
17.360	7.040
17.320	7.040
17.280	7.040
17.240	7.040
17.200	7.040
17.160	7.040
17.120	7.040
17.080	7.040
17.040	7.040
17.000	7.040
16.960	7.040
16.920	7.040
16.880	7.040
16.840	7.040
16.800	7.040
16.760	7.040
16.720	7.040
16.680	7.040
16.640	7.040
16.600	7.040
16.560	7.040
16.520	7.040
16.480	7.040
16.440	7.040
16.400	7.040
16.360	7.040
16.320	7.040
16.280	7.040
16.240	7.040
16.200	7.040
16.160	7.040
16.120	7.040
16.080	7.040
16.040	7.040
16.000	7.040
15.960	7.040
15.920	7.040
15.880	7.040
15.840	7.040
15.800	7.040
15.760	7.040
15.720	7.040
15.680	7.040
15.640	7.040
15.600	7.040
15.560	7.040
15.520	7.040
15.480	7.040
15.440	7.080
15.400	7.080
15.360	7.080
15.320	7.120
15.280	7.120
15.240	7.120
15.200	7.160
15.160	7.160
15.120	7.200
15.080	7.200
15.040	7.200
15.000	7.240
14.960	7.240
14.920	7.240
14.880	7.280
14.840	7.280
14.800	7.280
14.760	7.320
14.720	7.320
14.680	7.320
14.640	7.320
14.600	7.360
14.560	7.360
14.520	7.360
14.480	7.360
14.440	7.360
14.400	7.360
14.360	7.360
14.320	7.360
14.280	7.360
14.240	7.360
14.200	7.360
14.160	7.360
14.120	7.360
14.080	7.360
14.040	7.360
14.000	7.360
13.960	7.360
13.920	7.360
13.880	7.360
13.840	7.360
13.800	7.360
13.760	7.360
13.720	7.360
13.680	7.360
13.640	7.360
13.600	7.360
13.560	7.360
13.520	7.360
13.480	7.360
13.440	7.360
13.400	7.360
13.360	7.360
13.320	7.360
13.280	7.360
13.240	7.360
13.200	7.360
13.160	7.360
13.120	7.360
13.080	7.360
13.040	7.360
13.000	7.360
12.960	7.360
12.920	7.360
12.880	7.360
12.840	7.360
12.800	7.360
12.760	7.360
12.720	7.360
12.680	7.360
12.640	7.360
12.600	7.360
12.560	7.360
12.520	7.360
12.480	7.360
12.440	7.360
12.400	7.360
12.360	7.360
12.320	7.360
12.280	7.360
12.240	7.360
12.200	7.360
12.160	7.360
12.120	7.360
12.080	7.360
12.040	7.360
12.000	7.360
11.960	7.360
11.920	7.360
11.880	7.360
11.840	7.360
11.800	7.360
11.760	7.360
11.720	7.360
11.680	7.360
11.640	7.320
11.600	7.320
11.560	7.320
11.520	7.320
11.480	7.280
11.440	7.280
11.400	7.240
11.360	7.240
11.320	7.200
11.280	7.200
11.240	7.160
11.200	7.120
11.160	7.080
11.120	7.040
11.080	7.000
11.120	6.960
11.120	6.920
11.080	6.880
11.040	6.840
11.040	6.800
11.000	6.760
10.960	6.720
10.960	6.680
10.920	6.640
10.920	6.600
10.920	6.560
10.920	6.520
10.880	6.480
10.880	6.440
10.880	6.400
10.880	6.360
10.880	6.320
10.880	6.280
10.880	6.240
10.880	6.200
10.880	6.160
10.880	6.120
10.880	6.080
10.920	6.040
10.920	6.000
10.920	5.960
10.920	5.920
10.960	5.880
10.960	5.840
11.000	5.800
11.000	5.760
11.040	5.720
11.040	5.680
11.080	5.640
11.120	5.600
11.160	5.560
11.200	5.520
11.240	5.480
11.280	5.440
11.320	5.480
11.360	5.480
11.400	5.440
11.440	5.440
11.480	5.400
11.520	5.400
11.560	5.360
11.600	5.360
11.640	5.320
11.680	5.320
11.720	5.320
11.760	5.320
11.800	5.320
11.840	5.280
11.880	5.280
11.920	5.280
11.960	5.280
12.000	5.280
12.040	5.280
12.080	5.280
12.120	5.280
12.160	5.280
12.200	5.280
12.240	5.280
12.280	5.280
12.320	5.280
12.360	5.280
12.400	5.280
12.440	5.280
12.480	5.280
12.520	5.280
12.560	5.280
12.600	5.280
12.640	5.280
12.680	5.280
12.720	5.280
12.760	5.280
12.800	5.280
12.840	5.280
12.880	5.280
12.920	5.280
12.960	5.280
13.000	5.280
13.040	5.280
13.080	5.280
13.120	5.280
13.160	5.280
13.200	5.280
13.240	5.280
13.280	5.280
13.320	5.280
13.360	5.280
13.400	5.280
13.440	5.280
13.480	5.280
13.520	5.280
13.560	5.280
13.600	5.280
13.640	5.280
13.680	5.280
13.720	5.280
13.760	5.280
13.800	5.280
13.840	5.280
13.880	5.280
13.920	5.280
13.960	5.280
14.000	5.280
14.040	5.280
14.080	5.280
14.120	5.280
14.160	5.280
14.200	5.280
14.240	5.280
14.280	5.280
14.320	5.280
14.360	5.280
14.400	5.280
14.440	5.280
14.480	5.280
14.520	5.280
14.560	5.320
14.600	5.320
14.640	5.320
14.680	5.360
14.720	5.360
14.760	5.360
14.800	5.400
14.840	5.400
14.880	5.400
14.920	5.440
14.960	5.440
15.000	5.440
15.040	5.480
15.080	5.480
15.120	5.480
15.160	5.520
15.200	5.520
15.240	5.520
15.280	5.560
15.320	5.560
15.360	5.560
15.400	5.600
15.440	5.600
15.480	5.600
15.520	5.600
15.560	5.640
15.600	5.640
15.640	5.640
15.680	5.640
15.720	5.640
15.760	5.640
15.800	5.640
15.840	5.640
15.880	5.640
15.920	5.640
15.960	5.640
16.000	5.640
16.040	5.640
16.080	5.640
16.120	5.640
16.160	5.640
16.200	5.640
16.240	5.640
16.280	5.640
16.320	5.640
16.360	5.640
16.400	5.640
16.440	5.640
16.480	5.640
16.520	5.640
16.560	5.640
16.600	5.640
16.640	5.640
16.680	5.640
16.720	5.640
16.760	5.640
16.800	5.640
16.840	5.640
16.880	5.640
16.920	5.640
16.960	5.640
17.000	5.640
17.040	5.640
17.080	5.640
17.120	5.640
17.160	5.640
17.200	5.640
17.240	5.640
17.280	5.640
17.320	5.640
17.360	5.640
17.400	5.640
17.440	5.640
17.480	5.640
17.520	5.640
17.560	5.640
17.600	5.640
17.640	5.640
17.680	5.640
17.720	5.640
17.760	5.640
17.800	5.640
17.840	5.640
17.880	5.640
17.920	5.640
17.960	5.640
18.000	5.640
18.040	5.640
18.080	5.640
18.120	5.640
18.160	5.640
18.200	5.640
18.240	5.640
18.280	5.640
18.320	5.640
18.360	5.640
18.400	5.640
18.440	5.640
18.480	5.640
18.520	5.640
18.560	5.640
18.600	5.640
18.640	5.640
18.680	5.640
18.720	5.640
18.760	5.640
18.800	5.640
18.840	5.640
18.880	5.640
18.920	5.640
18.960	5.640
19.000	5.640
19.040	5.640
19.080	5.640
19.120	5.640
19.160	5.640
19.200	5.640
19.240	5.640
19.280	5.640
19.320	5.640
19.360	5.640
19.400	5.640
19.440	5.640
19.480	5.640
19.520	5.640
19.560	5.640
19.600	5.640
19.640	5.640
19.680	5.640
19.720	5.640
19.760	5.640
19.800	5.640
19.840	5.640
19.880	5.640
19.920	5.640
19.960	5.640
20.000	5.640
20.040	5.640
20.080	5.640
20.120	5.640
20.160	5.640
20.200	5.640
20.240	5.640
20.280	5.640
20.320	5.640
20.360	5.640
20.400	5.640
20.440	5.640
20.480	5.640
20.520	5.640
20.560	5.640
20.600	5.640
20.640	5.640
20.680	5.640
20.720	5.640
20.760	5.640
20.800	5.640
20.840	5.640
20.880	5.640
20.920	5.640
20.960	5.640
21.000	5.640
21.040	5.640
21.080	5.640
21.120	5.640
21.160	5.640
21.200	5.640
21.240	5.640
21.280	5.640
21.320	5.640
21.360	5.640
21.400	5.640
21.440	5.640
21.480	5.640
21.520	5.640
21.560	5.640
21.600	5.640
21.640	5.640
21.680	5.640
21.720	5.640
21.760	5.640
21.800	5.640
21.840	5.640
21.880	5.640
21.920	5.640
21.960	5.640
22.000	5.640
22.040	5.640
22.080	5.640
22.120	5.640
22.160	5.640
22.200	5.640
22.240	5.640
22.280	5.640
22.320	5.640
22.360	5.640
22.400	5.640
22.440	5.640
22.480	5.640
22.520	5.640
22.560	5.640
22.600	5.640
22.640	5.640
22.680	5.640
22.720	5.640
22.760	5.640
22.800	5.640
22.840	5.640
22.880	5.640
22.920	5.640
22.960	5.640
23.000	5.640
23.040	5.640
23.080	5.640
23.120	5.640
23.160	5.640
23.200	5.640
23.240	5.640
23.280	5.640
23.320	5.640
23.360	5.640
23.400	5.640
23.440	5.640
23.480	5.640
23.520	5.640
23.560	5.640
23.600	5.640
23.640	5.640
23.680	5.640
23.720	5.640
23.760	5.640
23.800	5.640
23.840	5.640
23.880	5.640
23.920	5.640
23.960	5.640
24.000	5.640
24.040	5.640
24.080	5.640
24.120	5.640
24.160	5.640
24.200	5.640
24.240	5.640
24.280	5.640
24.320	5.640
24.360	5.640
24.400	5.640
24.440	5.640
24.480	5.640
24.520	5.640
24.560	5.640
24.600	5.640
24.640	5.640
24.680	5.640
24.720	5.640
24.760	5.640
24.800	5.640
24.840	5.640
24.880	5.640
24.920	5.640
24.960	5.640
25.000	5.640
25.040	5.640
25.080	5.640
25.120	5.640
25.160	5.640
25.200	5.640
25.240	5.640
25.280	5.640
25.320	5.640
25.360	5.640
25.400	5.640
25.440	5.640
25.480	5.640
25.520	5.640
25.560	5.640
25.600	5.640
25.640	5.640
25.680	5.640
25.720	5.640
25.760	5.640
25.800	5.640
25.840	5.640
25.880	5.640
25.920	5.640
25.960	5.640
26.000	5.640
26.040	5.640
26.080	5.640
26.120	5.640
26.160	5.640
26.200	5.640
26.240	5.640
26.280	5.640
26.320	5.640
26.360	5.640
26.400	5.640
26.440	5.640
26.480	5.640
26.520	5.640
26.560	5.640
26.600	5.640
26.640	5.640
26.680	5.640
26.720	5.640
26.760	5.640
26.800	5.640
26.840	5.640
26.880	5.640
26.920	5.640
26.960	5.640
27.000	5.640
27.040	5.640
27.080	5.640
27.120	5.640
27.160	5.640
27.200	5.640
27.240	5.640
27.280	5.640
27.320	5.640
27.360	5.640
27.400	5.640
27.440	5.640
27.480	5.640
27.520	5.640
27.560	5.640
27.600	5.640
27.640	5.640
27.680	5.640
27.720	5.640
27.760	5.640
27.800	5.640
27.840	5.640
27.880	5.640
27.920	5.640
27.960	5.640
28.000	5.640
28.040	5.640
28.080	5.640
28.120	5.640
28.160	5.640
28.200	5.640
28.240	5.640
28.280	5.640
28.320	5.640
28.360	5.640
28.400	5.640
28.440	5.640
28.480	5.640
28.520	5.640
28.560	5.640
28.600	5.640
28.640	5.640
28.680	5.640
28.720	5.640
28.760	5.640
28.800	5.640
28.840	5.640
28.880	5.640
28.920	5.640
28.960	5.640
29.000	5.640
29.040	5.640
29.080	5.640
29.120	5.640
29.160	5.640
29.200	5.640
29.240	5.640
29.280	5.640
29.320	5.640
29.360	5.640
29.400	5.640
29.440	5.640
29.480	5.640
29.520	5.640
29.560	5.640
29.600	5.640
29.640	5.640
29.680	5.640
29.720	5.640
29.760	5.640
29.800	5.640
29.840	5.640
29.880	5.640
29.920	5.640
29.960	5.640
30.000	5.640
30.040	5.640
30.080	5.640
30.120	5.640
30.160	5.640
30.200	5.640
30.240	5.640
30.280	5.640
30.320	5.640
30.360	5.640
30.400	5.640
30.440	5.640
30.480	5.640
30.520	5.640
30.560	5.640
30.600	5.640
30.640	5.640
30.680	5.640
30.720	5.640
30.760	5.640
30.800	5.640
30.840	5.640
30.880	5.640
30.920	5.640
30.960	5.640
31.000	5.640
31.040	5.640
31.080	5.640
31.120	5.640
31.160	5.640
31.200	5.640
31.240	5.640
31.280	5.640
31.320	5.640
31.360	5.640
31.400	5.640
31.440	5.640
31.480	5.640
31.520	5.640
31.560	5.640
31.600	5.640
31.640	5.640
31.680	5.640
31.720	5.640
31.760	5.640
31.800	5.640
31.840	5.640
31.880	5.640
31.920	5.640
31.960	5.640
32.000	5.640
32.040	5.640
32.080	5.640
32.120	5.640
32.160	5.640
32.200	5.640
32.240	5.640
32.280	5.640
32.320	5.640
32.360	5.640
32.400	5.640
32.440	5.640
32.480	5.640
32.520	5.640
32.560	5.640
32.600	5.640
32.640	5.640
32.680	5.640
32.720	5.640
32.760	5.640
32.800	5.640
32.840	5.640
32.880	5.640
32.920	5.640
32.960	5.640
33.000	5.640
33.040	5.640
33.080	5.640
33.120	5.640
33.160	5.640
33.200	5.640
33.240	5.640
33.280	5.640
33.320	5.640
33.360	5.640
33.400	5.640
33.440	5.640
33.480	5.640
33.520	5.640
33.560	5.640
33.600	5.640
33.640	5.640
33.680	5.640
33.720	5.640
33.760	5.640
33.800	5.640
33.840	5.640
33.880	5.640
33.920	5.640
33.960	5.640
34.000	5.640
34.040	5.640
34.080	5.640
34.120	5.640
34.160	5.640
34.200	5.640
34.240	5.640
34.280	5.640
34.320	5.640
34.360	5.640
34.400	5.640
34.440	5.640
34.480	5.640
34.520	5.640
34.560	5.640
34.600	5.640
34.640	5.640
34.680	5.640
34.720	5.640
34.760	5.640
34.800	5.640
34.840	5.640
34.880	5.640
34.920	5.640
34.960	5.640
35.000	5.640
35.040	5.640
35.080	5.640
35.120	5.640
35.160	5.640
35.200	5.640
35.240	5.640
35.280	5.640
35.320	5.640
35.360	5.640
35.400	5.640
35.440	5.640
35.480	5.640
35.520	5.640
35.560	5.640
35.600	5.640
35.640	5.640
35.680	5.640
35.720	5.640
35.760	5.640
35.800	5.640
35.840	5.640
35.880	5.640
35.920	5.640
35.960	5.640
36.000	5.640
36.040	5.640
36.080	5.640
36.120	5.640
36.160	5.640
36.200	5.640
36.240	5.640
36.280	5.640
36.320	5.640
36.360	5.640
36.400	5.640
36.440	5.640
36.480	5.640
36.520	5.640
36.560	5.640
36.600	5.640
36.640	5.640
36.680	5.640
36.720	5.640
36.760	5.640
36.800	5.640
36.840	5.640
36.880	5.640
36.920	5.640
36.960	5.640
37.000	5.640
37.040	5.640
37.080	5.640
37.120	5.640
37.160	5.640
37.200	5.640
37.240	5.640
37.280	5.640
37.320	5.640
37.360	5.640
37.400	5.640
37.440	5.640
37.480	5.640
37.520	5.640
37.560	5.640
37.600	5.640
37.640	5.640
37.680	5.640
37.720	5.640
37.760	5.640
37.800	5.640
37.840	5.640
37.880	5.640
37.920	5.640
37.960	5.640
38.000	5.640
38.040	5.640
38.080	5.640
38.120	5.640
38.160	5.640
38.200	5.640
38.240	5.640
38.280	5.640
38.320	5.640
38.360	5.640
38.400	5.640
38.440	5.640
38.480	5.640
38.520	5.640
38.560	5.640
38.600	5.640
38.640	5.640
38.680	5.640
38.720	5.640
38.760	5.640
38.800	5.640
38.840	5.640
38.880	5.640
38.920	5.640
38.960	5.640
39.000	5.640
39.040	5.640
39.080	5.640
39.120	5.640
39.160	5.640
39.200	5.640
39.240	5.640
39.280	5.640
39.320	5.640
39.360	5.640
39.400	5.640
39.440	5.640
39.480	5.640
39.520	5.640
39.560	5.640
39.600	5.640
39.640	5.640
39.680	5.640
39.720	5.640
39.760	5.640
39.800	5.640
39.840	5.640
39.880	5.640
39.920	5.640
39.960	5.640
40.000	5.640
40.040	5.640
40.080	5.640
40.120	5.640
40.160	5.640
40.200	5.640
40.240	5.640
40.280	5.640
40.320	5.640
40.360	5.640
40.400	5.640
40.440	5.640
40.480	5.640
40.520	5.640
40.560	5.640
40.600	5.640
40.640	5.640
40.680	5.640
40.720	5.640
40.760	5.640
40.800	5.640
40.840	5.640
40.880	5.640
40.920	5.640
40.960	5.640
41.000	5.640
41.040	5.640
41.080	5.640
41.120	5.640
41.160	5.640
41.200	5.640
41.240	5.640
41.280	5.640
41.320	5.640
41.360	5.640
41.400	5.640
41.440	5.640
41.480	5.640
41.520	5.640
41.560	5.640
41.600	5.640
41.640	5.640
41.680	5.640
41.720	5.640
41.760	5.640
41.800	5.640
41.840	5.640
41.880	5.640
41.920	5.640
41.960	5.640
42.000	5.640
42.040	5.640
42.080	5.640
42.120	5.640
42.160	5.640
42.200	5.640
42.240	5.640
42.280	5.640
42.320	5.640
42.360	5.640
42.400	5.640
42.440	5.640
42.480	5.640
42.520	5.640
42.560	5.640
42.600	5.640
42.640	5.640
42.680	5.640
42.720	5.640
42.760	5.640
42.800	5.640
42.840	5.640
42.880	5.640
42.920	5.640
42.960	5.640
43.000	5.640
43.040	5.640
43.080	5.640
43.120	5.640
43.160	5.640
43.200	5.640
43.240	5.640
43.280	5.640
43.320	5.640
43.360	5.640
43.400	5.640
43.440	5.640
43.480	5.640
43.520	5.640
43.560	5.640
43.600	5.640
43.640	5.640
43.680	5.640
43.720	5.640
43.760	5.640
43.800	5.640
43.840	5.640
43.880	5.640
43.920	5.640
43.960	5.640
44.000	5.640
44.040	5.640
44.080	5.640
44.120	5.640
44.160	5.640
44.200	5.640
44.240	5.640
44.280	5.640
44.320	5.640
44.360	5.640
44.400	5.640
44.440	5.640
44.480	5.640
44.520	5.640
44.560	5.640
44.600	5.640
44.640	5.640
44.680	5.640
44.720	5.640
44.760	5.640
44.800	5.640
44.840	5.640
44.880	5.640
44.920	5.640
44.960	5.640
45.000	5.640
45.040	5.640
45.080	5.640
45.120	5.640
45.160	5.640
45.200	5.640
45.240	5.640
45.280	5.640
45.320	5.640
45.360	5.640
45.400	5.640
45.440	5.640
45.480	5.640
45.520	5.640
45.560	5.640
45.600	5.640
45.640	5.640
45.680	5.640
45.720	5.640
45.760	5.640
45.800	5.640
45.840	5.640
45.880	5.640
45.920	5.640
45.960	5.640
46.000	5.640
46.040	5.640
46.080	5.640
46.120	5.640
46.160	5.640
46.200	5.640
46.240	5.640
46.280	5.640
46.320	5.640
46.360	5.640
46.400	5.640
46.440	5.640
46.480	5.640
46.520	5.640
46.560	5.640
46.600	5.640
46.640	5.640
46.680	5.640
46.720	5.640
46.760	5.640
46.800	5.640
46.840	5.640
46.880	5.640
46.920	5.640
46.960	5.640
47.000	5.640
47.040	5.640
47.080	5.640
47.120	5.640
47.160	5.640
47.200	5.640
47.240	5.640
47.280	5.640
47.320	5.640
47.360	5.640
47.400	5.640
47.440	5.640
47.480	5.640
47.520	5.640
47.560	5.640
47.600	5.640
47.640	5.640
47.680	5.640
47.720	5.640
47.760	5.640
47.800	5.640
47.840	5.640
47.880	5.640
47.920	5.640
47.960	5.640
48.000	5.640
48.040	5.640
48.080	5.640
48.120	5.640
48.160	5.640
48.200	5.640
48.240	5.640
48.280	5.640
48.320	5.640
48.360	5.640
48.400	5.640
48.440	5.640
48.480	5.640
48.520	5.640
48.560	5.640
48.600	5.640
48.640	5.640
48.680	5.640
48.720	5.640
48.760	5.640
48.800	5.640
48.840	5.640
48.880	5.640
48.920	5.640
48.960	5.640
49.000	5.640
49.040	5.640
49.080	5.640
49.120	5.640
49.160	5.640
49.200	5.640
49.240	5.640
49.280	5.640
49.320	5.640
49.360	5.640
49.400	5.640
49.440	5.640
49.480	5.640
49.520	5.640
49.560	5.640
49.600	5.640
49.640	5.640
49.680	5.640
49.720	5.640
49.760	5.640
49.800	5.640
49.840	5.640
49.880	5.640
49.920	5.640
49.960	5.640
50.000	5.640
50.040	5.640
50.080	5.640
50.120	5.640
50.160	5.640
50.200	5.640
50.240	5.640
50.280	5.640
50.320	5.640
50.360	5.640
50.400	5.640
50.440	5.640
50.480	5.640
50.520	5.640
50.560	5.640
50.600	5.640
50.640	5.640
50.680	5.640
50.720	5.640
50.760	5.640
50.800	5.640
50.840	5.640
50.880	5.640
50.920	5.640
50.960	5.640
51.000	5.640
51.040	5.640
51.080	5.640
51.120	5.640
51.160	5.640
51.200	5.640
51.240	5.640
51.280	5.640
51.320	5.640
51.360	5.640
51.400	5.640
51.440	5.640
51.480	5.640
51.520	5.640
51.560	5.640
51.600	5.640
51.640	5.640
51.680	5.640
51.720	5.640
51.760	5.640
51.800	5.640
51.840	5.640
51.880	5.640
51.920	5.640
51.960	5.640
52.000	5.640
52.040	5.640
52.080	5.640
52.120	5.640
52.160	5.640
52.200	5.640
52.240	5.640
52.280	5.640
52.320	5.640
52.360	5.640
52.400	5.640
52.440	5.640
52.480	5.640
52.520	5.640
52.560	5.640
52.600	5.640
52.640	5.640
52.680	5.640
52.720	5.640
52.760	5.640
52.800	5.640
52.840	5.640
52.880	5.640
52.920	5.640
52.960	5.640
53.000	5.640
53.040	5.640
53.080	5.640
53.120	5.640
53.160	5.640
53.200	5.640
53.240	5.640
53.280	5.640
53.320	5.640
53.360	5.640
53.400	5.640
53.440	5.640
53.480	5.640
53.520	5.640
53.560	5.640
53.600	5.640
53.640	5.640
53.680	5.640
53.720	5.640
53.760	5.640
53.800	5.640
53.840	5.640
53.880	5.640
53.920	5.640
53.960	5.640
54.000	5.640
54.040	5.640
54.080	5.640
54.120	5.640
54.160	5.640
54.200	5.640
54.240	5.640
54.280	5.640
54.320	5.640
54.360	5.640
54.400	5.640
54.440	5.640
54.480	5.640
54.520	5.640
54.560	5.640
54.600	5.640
54.640	5.640
54.680	5.640
54.720	5.640
54.760	5.640
54.800	5.640
54.840	5.640
54.880	5.640
54.920	5.640
54.960	5.640
55.000	5.640
55.040	5.640
55.080	5.640
55.120	5.640
55.160	5.640
55.200	5.640
55.240	5.640
55.280	5.640
55.320	5.680
55.360	5.680
55.400	5.680
55.440	5.680
55.480	5.680
55.520	5.680
55.560	5.680
55.600	5.720
55.640	5.720
55.680	5.760
55.720	5.760
55.760	5.800
55.800	5.800
55.840	5.840
55.880	5.840
55.920	5.880
55.960	5.880
56.000	5.920
56.040	5.920
56.080	5.960
56.120	5.960
56.160	6.000
56.200	6.000
56.240	6.040
56.280	6.040
56.320	6.040
56.360	6.080
56.400	6.080
56.440	6.080
56.480	6.120
56.520	6.120
56.560	6.120
56.600	6.120
56.640	6.120
56.680	6.120
56.720	6.120
56.760	6.120
56.800	6.120
56.840	6.120
56.880	6.120
56.920	6.120
56.960	6.120
57.000	6.120
57.040	6.120
57.080	6.120
57.120	6.120
57.160	6.120
57.200	6.120
57.240	6.120
57.280	6.120
57.320	6.120
57.360	6.120
57.400	6.120
57.440	6.120
57.480	6.120
57.520	6.120
57.560	6.120
57.600	6.120
57.640	6.120
57.680	6.120
57.720	6.120
57.760	6.120
57.800	6.120
57.840	6.120
57.880	6.120
57.920	6.160
57.960	6.160
58.000	6.160
58.040	6.160
58.080	6.200
58.120	6.200
58.160	6.200
58.200	6.240
58.240	6.240
58.280	6.240
58.320	6.280
58.360	6.280
58.400	6.320
58.440	6.320
58.480	6.360
58.520	6.400
58.560	6.440
58.600	6.440
58.640	6.480
58.680	6.520
58.720	6.560
58.760	6.600
58.800	6.640
58.840	6.680
58.880	6.720
58.840	6.760
58.840	6.800
58.840	6.840
58.880	6.880
58.920	6.920
58.920	6.960
58.960	7.000
59.000	7.040
59.000	7.080
59.040	7.120
59.040	7.160
59.080	7.200
59.120	7.240
59.120	7.280
59.120	7.320
59.160	7.360
59.160	7.400
59.160	7.440
59.200	7.480
59.200	7.520
59.200	7.560
59.240	7.600
59.240	7.640
59.240	7.680
59.280	7.720
59.280	7.760
59.280	7.800
59.320	7.840
59.320	7.880
59.320	7.920
59.320	7.960
59.320	8.000
59.320	8.040
59.320	8.080
59.360	8.120
59.360	8.160
59.360	8.200
59.360	8.240
59.360	8.280
59.360	8.320
59.360	8.360
59.360	8.400
59.360	8.440
59.360	8.480
59.360	8.520
59.360	8.560
59.360	8.600
59.360	8.640
59.360	8.680
59.360	8.720
59.360	8.760
59.360	8.800
59.360	8.840
59.360	8.880
59.360	8.920
59.360	8.960
59.360	9.000
59.360	9.040
59.360	9.080
59.360	9.120
59.360	9.160
59.360	9.200
59.360	9.240
59.360	9.280
59.360	9.320
59.360	9.360
59.360	9.400
59.360	9.440
59.360	9.480
59.360	9.520
59.360	9.560
59.360	9.600
59.360	9.640
59.360	9.680
59.360	9.720
59.360	9.760
59.360	9.800
59.360	9.840
59.360	9.880
59.360	9.920
59.360	9.960
59.360	10.000
59.360	10.040
59.360	10.080
59.360	10.120
59.360	10.160
59.360	10.200
59.360	10.240
59.360	10.280
59.360	10.320
59.360	10.360
59.360	10.400
59.360	10.440
59.360	10.480
59.360	10.520
59.360	10.560
59.360	10.600
59.360	10.640
59.360	10.680
59.360	10.720
59.360	10.760
59.360	10.800
59.360	10.840
59.360	10.880
59.360	10.920
59.360	10.960
59.360	11.000
59.360	11.040
59.360	11.080
59.360	11.120
59.360	11.160
59.360	11.200
59.360	11.240
59.360	11.280
59.360	11.320
59.360	11.360
59.360	11.400
59.360	11.440
59.360	11.480
59.360	11.520
59.360	11.560
59.360	11.600
59.360	11.640
59.360	11.680
59.360	11.720
59.360	11.760
59.360	11.800
59.360	11.840
59.360	11.880
59.360	11.920
59.360	11.960
59.360	12.000
59.360	12.040
59.360	12.080
59.360	12.120
59.360	12.160
59.360	12.200
59.360	12.240
59.360	12.280
59.360	12.320
59.360	12.360
59.360	12.400
59.360	12.440
59.360	12.480
59.360	12.520
59.360	12.560
59.360	12.600
59.360	12.640
59.360	12.680
59.360	12.720
59.360	12.760
59.360	12.800
59.360	12.840
59.360	12.880
59.360	12.920
59.360	12.960
59.360	13.000
59.360	13.040
59.360	13.080
59.360	13.120
59.360	13.160
59.360	13.200
59.360	13.240
59.360	13.280
59.360	13.320
59.360	13.360
59.360	13.400
59.360	13.440
59.360	13.480
59.360	13.520
59.360	13.560
59.360	13.600
59.360	13.640
59.360	13.680
59.360	13.720
59.360	13.760
59.360	13.800
59.360	13.840
59.360	13.880
59.360	13.920
59.360	13.960
59.360	14.000
59.360	14.040
59.360	14.080
59.360	14.120
59.360	14.160
59.360	14.200
59.360	14.240
59.360	14.280
59.360	14.320
59.360	14.360
59.360	14.400
59.360	14.440
59.360	14.480
59.360	14.520
59.360	14.560
59.360	14.600
59.360	14.640
59.360	14.680
59.360	14.720
59.360	14.760
59.360	14.800
59.360	14.840
59.360	14.880
59.360	14.920
59.360	14.960
59.360	15.000
59.360	15.040
59.360	15.080
59.360	15.120
59.360	15.160
59.360	15.200
59.360	15.240
59.360	15.280
59.360	15.320
59.360	15.360
59.360	15.400
59.360	15.440
59.360	15.480
59.360	15.520
59.360	15.560
59.360	15.600
59.360	15.640
59.360	15.680
59.360	15.720
59.360	15.760
59.360	15.800
59.360	15.840
59.360	15.880
59.360	15.920
59.360	15.960
59.360	16.000
59.360	16.040
59.360	16.080
59.360	16.120
59.360	16.160
59.360	16.200
59.360	16.240
59.360	16.280
59.360	16.320
59.360	16.360
59.360	16.400
59.360	16.440
59.360	16.480
59.360	16.520
59.360	16.560
59.360	16.600
59.360	16.640
59.360	16.680
59.360	16.720
59.360	16.760
59.360	16.800
59.360	16.840
59.360	16.880
59.360	16.920
59.360	16.960
59.360	17.000
59.360	17.040
59.360	17.080
59.360	17.120
59.360	17.160
59.360	17.200
59.360	17.240
59.360	17.280
59.360	17.320
59.360	17.360
59.360	17.400
59.360	17.440
59.360	17.480
59.360	17.520
59.360	17.560
59.360	17.600
59.360	17.640
59.360	17.680
59.360	17.720
59.360	17.760
59.360	17.800
59.360	17.840
59.360	17.880
59.360	17.920
59.360	17.960
59.360	18.000
59.360	18.040
59.360	18.080
59.360	18.120
59.360	18.160
59.360	18.200
59.360	18.240
59.360	18.280
59.360	18.320
59.360	18.360
59.360	18.400
59.360	18.440
59.360	18.480
59.360	18.520
59.360	18.560
59.360	18.600
59.360	18.640
59.360	18.680
59.360	18.720
59.360	18.760
59.360	18.800
59.360	18.840
59.360	18.880
59.360	18.920
59.360	18.960
59.360	19.000
59.360	19.040
59.360	19.080
59.360	19.120
59.360	19.160
59.360	19.200
59.360	19.240
59.360	19.280
59.360	19.320
59.360	19.360
59.360	19.400
59.360	19.440
59.360	19.480
59.360	19.520
59.360	19.560
59.360	19.600
59.360	19.640
59.360	19.680
59.360	19.720
59.360	19.760
59.360	19.800
59.360	19.840
59.360	19.880
59.360	19.920
59.360	19.960
59.360	20.000
59.360	20.040
59.360	20.080
59.360	20.120
59.360	20.160
59.360	20.200
59.360	20.240
59.360	20.280
59.360	20.320
59.360	20.360
59.360	20.400
59.360	20.440
59.360	20.480
59.360	20.520
59.360	20.560
59.360	20.600
59.360	20.640
59.360	20.680
59.360	20.720
59.360	20.760
59.360	20.800
59.360	20.840
59.360	20.880
59.360	20.920
59.360	20.960
59.360	21.000
59.360	21.040
59.360	21.080
59.360	21.120
59.360	21.160
59.360	21.200
59.360	21.240
59.360	21.280
59.360	21.320
59.360	21.360
59.360	21.400
59.360	21.440
59.360	21.480
59.360	21.520
59.360	21.560
59.360	21.600
59.360	21.640
59.360	21.680
59.360	21.720
59.360	21.760
59.360	21.800
59.360	21.840
59.360	21.880
59.360	21.920
59.360	21.960
59.360	22.000
59.360	22.040
59.360	22.080
59.360	22.120
59.360	22.160
59.360	22.200
59.360	22.240
59.360	22.280
59.360	22.320
59.360	22.360
59.360	22.400
59.360	22.440
59.360	22.480
59.360	22.520
59.360	22.560
59.360	22.600
59.360	22.640
59.360	22.680
59.360	22.720
59.360	22.760
59.360	22.800
59.360	22.840
59.360	22.880
59.360	22.920
59.360	22.960
59.360	23.000
59.360	23.040
59.360	23.080
59.360	23.120
59.360	23.160
59.360	23.200
59.360	23.240
59.360	23.280
59.360	23.320
59.360	23.360
59.360	23.400
59.360	23.440
59.360	23.480
59.360	23.520
59.360	23.560
59.360	23.600
59.360	23.640
59.360	23.680
59.360	23.720
59.360	23.760
59.360	23.800
59.360	23.840
59.360	23.880
59.360	23.920
59.360	23.960
59.360	24.000
59.360	24.040
59.360	24.080
59.360	24.120
59.360	24.160
59.360	24.200
59.360	24.240
59.360	24.280
59.360	24.320
59.360	24.360
59.360	24.400
59.360	24.440
59.360	24.480
59.360	24.520
59.360	24.560
59.360	24.600
59.360	24.640
59.360	24.680
59.360	24.720
59.360	24.760
59.360	24.800
59.360	24.840
59.360	24.880
59.360	24.920
59.360	24.960
59.360	25.000
59.360	25.040
59.360	25.080
59.360	25.120
59.360	25.160
59.360	25.200
59.360	25.240
59.360	25.280
59.360	25.320
59.360	25.360
59.360	25.400
59.360	25.440
59.360	25.480
59.360	25.520
59.360	25.560
59.360	25.600
59.360	25.640
59.360	25.680
59.360	25.720
59.360	25.760
59.360	25.800
59.360	25.840
59.360	25.880
59.360	25.920
59.360	25.960
59.360	26.000
59.360	26.040
59.360	26.080
59.360	26.120
59.360	26.160
59.360	26.200
59.360	26.240
59.360	26.280
59.360	26.320
59.360	26.360
59.360	26.400
59.360	26.440
59.360	26.480
59.360	26.520
59.360	26.560
59.360	26.600
59.360	26.640
59.360	26.680
59.360	26.720
59.360	26.760
59.360	26.800
59.360	26.840
59.360	26.880
59.360	26.920
59.360	26.960
59.360	27.000
59.360	27.040
59.360	27.080
59.360	27.120
59.360	27.160
59.360	27.200
59.360	27.240
59.360	27.280
59.360	27.320
59.360	27.360
59.360	27.400
59.360	27.440
59.360	27.480
59.360	27.520
59.360	27.560
59.360	27.600
59.360	27.640
59.360	27.680
59.360	27.720
59.360	27.760
59.360	27.800
59.360	27.840
59.360	27.880
59.360	27.920
59.360	27.960
59.360	28.000
59.360	28.040
59.360	28.080
59.360	28.120
59.360	28.160
59.360	28.200
59.360	28.240
59.360	28.280
59.360	28.320
59.360	28.360
59.360	28.400
59.360	28.440
59.360	28.480
59.360	28.520
59.360	28.560
59.360	28.600
59.360	28.640
59.360	28.680
59.360	28.720
59.360	28.760
59.360	28.800
59.360	28.840
59.360	28.880
59.360	28.920
59.360	28.960
59.360	29.000
59.360	29.040
59.360	29.080
59.360	29.120
59.360	29.160
59.360	29.200
59.360	29.240
59.360	29.280
59.360	29.320
59.360	29.360
59.360	29.400
59.360	29.440
59.360	29.480
59.360	29.520
59.360	29.560
59.360	29.600
59.360	29.640
59.360	29.680
59.360	29.720
59.360	29.760
59.360	29.800
59.360	29.840
59.360	29.880
59.360	29.920
59.360	29.960
59.360	30.000
59.360	30.040
59.360	30.080
59.360	30.120
59.360	30.160
59.360	30.200
59.360	30.240
59.360	30.280
59.360	30.320
59.360	30.360
59.360	30.400
59.360	30.440
59.360	30.480
59.360	30.520
59.360	30.560
59.360	30.600
59.360	30.640
59.360	30.680
59.360	30.720
59.360	30.760
59.360	30.800
59.360	30.840
59.360	30.880
59.360	30.920
59.360	30.960
59.360	31.000
59.360	31.040
59.360	31.080
59.360	31.120
59.360	31.160
59.360	31.200
59.360	31.240
59.360	31.280
59.360	31.320
59.360	31.360
59.360	31.400
59.360	31.440
59.360	31.480
59.360	31.520
59.360	31.560
59.360	31.600
59.360	31.640
59.360	31.680
59.360	31.720
59.360	31.760
59.360	31.800
59.360	31.840
59.360	31.880
59.360	31.920
59.360	31.960
59.360	32.000
59.360	32.040
59.360	32.080
59.360	32.120
59.360	32.160
59.360	32.200
59.360	32.240
59.360	32.280
59.360	32.320
59.360	32.360
59.360	32.400
59.360	32.440
59.360	32.480
59.360	32.520
59.360	32.560
59.360	32.600
59.360	32.640
59.360	32.680
59.360	32.720
59.360	32.760
59.360	32.800
59.360	32.840
59.360	32.880
59.360	32.920
59.360	32.960
59.360	33.000
59.360	33.040
59.360	33.080
59.360	33.120
59.360	33.160
59.360	33.200
59.360	33.240
59.360	33.280
59.360	33.320
59.360	33.360
59.360	33.400
59.360	33.440
59.360	33.480
59.360	33.520
59.360	33.560
59.360	33.600
59.360	33.640
59.360	33.680
59.360	33.720
59.360	33.760
59.360	33.800
59.360	33.840
59.360	33.880
59.360	33.920
59.360	33.960
59.360	34.000
59.360	34.040
59.360	34.080
59.360	34.120
59.360	34.160
59.360	34.200
59.360	34.240
59.360	34.280
59.360	34.320
59.360	34.360
59.360	34.400
59.360	34.440
59.360	34.480
59.360	34.520
59.360	34.560
59.360	34.600
59.360	34.640
59.360	34.680
59.360	34.720
59.360	34.760
59.360	34.800
59.360	34.840
59.360	34.880
59.360	34.920
59.360	34.960
59.360	35.000
59.360	35.040
59.360	35.080
59.360	35.120
59.360	35.160
59.360	35.200
59.360	35.240
59.360	35.280
59.360	35.320
59.360	35.360
59.360	35.400
59.360	35.440
59.360	35.480
59.360	35.520
59.360	35.560
59.360	35.600
59.360	35.640
59.360	35.680
59.360	35.720
59.360	35.760
59.360	35.800
59.360	35.840
59.360	35.880
59.360	35.920
59.360	35.960
59.360	36.000
59.360	36.040
59.360	36.080
59.360	36.120
59.360	36.160
59.360	36.200
59.360	36.240
59.360	36.280
59.360	36.320
59.360	36.360
59.360	36.400
59.360	36.440
59.360	36.480
59.360	36.520
59.360	36.560
59.360	36.600
59.360	36.640
59.360	36.680
59.360	36.720
59.360	36.760
59.360	36.800
59.360	36.840
59.360	36.880
59.360	36.920
59.360	36.960
59.360	37.000
59.360	37.040
59.360	37.080
59.360	37.120
59.360	37.160
59.360	37.200
59.360	37.240
59.360	37.280
59.360	37.320
59.360	37.360
59.360	37.400
59.360	37.440
59.360	37.480
59.360	37.520
59.360	37.560
59.360	37.600
59.360	37.640
59.360	37.680
59.360	37.720
59.360	37.760
59.360	37.800
59.360	37.840
59.360	37.880
59.360	37.920
59.360	37.960
59.360	38.000
59.360	38.040
59.360	38.080
59.360	38.120
59.360	38.160
59.360	38.200
59.360	38.240
59.360	38.280
59.360	38.320
59.360	38.360
59.360	38.400
59.360	38.440
59.360	38.480
59.360	38.520
59.360	38.560
59.360	38.600
59.360	38.640
59.360	38.680
59.360	38.720
59.360	38.760
59.360	38.800
59.360	38.840
59.360	38.880
59.360	38.920
59.360	38.960
59.360	39.000
59.360	39.040
59.360	39.080
59.360	39.120
59.360	39.160
59.360	39.200
59.360	39.240
59.360	39.280
59.360	39.320
59.360	39.360
59.360	39.400
59.360	39.440
59.360	39.480
59.360	39.520
59.360	39.560
59.360	39.600
59.360	39.640
59.360	39.680
59.360	39.720
59.360	39.760
59.360	39.800
59.360	39.840
59.360	39.880
59.360	39.920
59.360	39.960
59.360	40.000
59.360	40.040
59.360	40.080
59.360	40.120
59.360	40.160
59.360	40.200
59.360	40.240
59.360	40.280
59.360	40.320
59.360	40.360
59.360	40.400
59.360	40.440
59.360	40.480
59.360	40.520
59.360	40.560
59.360	40.600
59.360	40.640
59.360	40.680
59.360	40.720
59.360	40.760
59.360	40.800
59.360	40.840
59.360	40.880
59.360	40.920
59.360	40.960
59.360	41.000
59.360	41.040
59.360	41.080
59.360	41.120
59.360	41.160
59.360	41.200
59.360	41.240
59.360	41.280
59.360	41.320
59.360	41.360
59.360	41.400
59.360	41.440
59.360	41.480
59.360	41.520
59.360	41.560
59.360	41.600
59.360	41.640
59.360	41.680
59.360	41.720
59.360	41.760
59.360	41.800
59.360	41.840
59.360	41.880
59.360	41.920
59.360	41.960
59.360	42.000
59.360	42.040
59.360	42.080
59.360	42.120
59.360	42.160
59.360	42.200
59.360	42.240
59.360	42.280
59.360	42.320
59.360	42.360
59.360	42.400
59.360	42.440
59.360	42.480
59.360	42.520
59.360	42.560
59.360	42.600
59.360	42.640
59.360	42.680
59.360	42.720
59.360	42.760
59.360	42.800
59.360	42.840
59.360	42.880
59.360	42.920
59.360	42.960
59.360	43.000
59.360	43.040
59.360	43.080
59.360	43.120
59.360	43.160
59.360	43.200
59.360	43.240
59.360	43.280
59.360	43.320
59.360	43.360
59.360	43.400
59.360	43.440
59.360	43.480
59.360	43.520
59.360	43.560
59.360	43.600
59.360	43.640
59.360	43.680
59.360	43.720
59.360	43.760
59.360	43.800
59.360	43.840
59.360	43.880
59.360	43.920
59.360	43.960
59.360	44.000
59.360	44.040
59.360	44.080
59.360	44.120
59.360	44.160
59.360	44.200
59.360	44.240
59.360	44.280
59.360	44.320
59.360	44.360
59.360	44.400
59.360	44.440
59.360	44.480
59.360	44.520
59.360	44.560
59.360	44.600
59.360	44.640
59.360	44.680
59.360	44.720
59.360	44.760
59.360	44.800
59.360	44.840
59.360	44.880
59.360	44.920
59.360	44.960
59.360	45.000
59.360	45.040
59.360	45.080
59.360	45.120
59.360	45.160
59.360	45.200
59.360	45.240
59.360	45.280
59.360	45.320
59.360	45.360
59.360	45.400
59.360	45.440
59.360	45.480
59.360	45.520
59.360	45.560
59.360	45.600
59.360	45.640
59.360	45.680
59.360	45.720
59.360	45.760
59.360	45.800
59.360	45.840
59.360	45.880
59.360	45.920
59.360	45.960
59.360	46.000
59.360	46.040
59.360	46.080
59.360	46.120
59.360	46.160
59.360	46.200
59.360	46.240
59.360	46.280
59.360	46.320
59.360	46.360
59.360	46.400
59.360	46.440
59.360	46.480
59.360	46.520
59.360	46.560
59.360	46.600
59.360	46.640
59.360	46.680
59.360	46.720
59.360	46.760
59.360	46.800
59.360	46.840
59.360	46.880
59.360	46.920
59.320	46.960
59.320	47.000
59.320	47.040
59.280	47.080
59.280	47.120
59.280	47.160
59.240	47.200
59.200	47.240
59.200	47.280
59.160	47.320
59.120	47.360
59.080	47.400
59.040	47.440
59.000	47.480
58.960	47.440
58.920	47.440
58.880	47.440
58.840	47.480
58.800	47.520
58.760	47.520
58.720	47.560
58.680	47.560
58.640	47.560
58.600	47.600
58.560	47.600
58.520	47.600
58.480	47.600
58.440	47.600
58.400	47.600
58.360	47.600
58.320	47.600
58.280	47.600
58.240	47.600
58.200	47.600
58.160	47.600
58.120	47.560
58.080	47.560
58.040	47.560
58.000	47.560
57.960	47.520
57.920	47.520
57.880	47.480
57.840	47.440
57.800	47.440
57.760	47.400
57.720	47.360
57.680	47.320
57.640	47.280
57.600	47.240
57.640	47.200
57.640	47.160
57.640	47.120
57.600	47.080
57.560	47.040
57.560	47.000
57.520	46.960
57.520	46.920
57.520	46.880
57.480	46.840
57.480	46.800
57.480	46.760
57.480	46.720
57.480	46.680
57.480	46.640
57.480	46.600
57.480	46.560
57.480	46.520
57.480	46.480
57.480	46.440
57.480	46.400
57.480	46.360
57.480	46.320
57.480	46.280
57.480	46.240
57.480	46.200
57.480	46.160
57.480	46.120
57.480	46.080
57.480	46.040
57.480	46.000
57.480	45.960
57.480	45.920
57.480	45.880
57.480	45.840
57.480	45.800
57.480	45.760
57.480	45.720
57.480	45.680
57.480	45.640
57.480	45.600
57.480	45.560
57.480	45.520
57.480	45.480
57.480	45.440
57.480	45.400
57.480	45.360
57.480	45.320
57.480	45.280
57.480	45.240
57.480	45.200
57.480	45.160
57.480	45.120
57.480	45.080
57.480	45.040
57.480	45.000
57.480	44.960
57.480	44.920
57.480	44.880
57.480	44.840
57.480	44.800
57.480	44.760
57.480	44.720
57.480	44.680
57.480	44.640
57.480	44.600
57.480	44.560
57.480	44.520
57.480	44.480
57.480	44.440
57.480	44.400
57.480	44.360
57.480	44.320
57.480	44.280
57.480	44.240
57.480	44.200
57.480	44.160
57.480	44.120
57.480	44.080
57.480	44.040
57.480	44.000
57.480	43.960
57.480	43.920
57.480	43.880
57.480	43.840
57.480	43.800
57.480	43.760
57.480	43.720
57.480	43.680
57.480	43.640
57.480	43.600
57.480	43.560
57.480	43.520
57.480	43.480
57.480	43.440
57.480	43.400
57.480	43.360
57.480	43.320
57.480	43.280
57.480	43.240
57.480	43.200
57.480	43.160
57.480	43.120
57.480	43.080
57.480	43.040
57.480	43.000
57.480	42.960
57.480	42.920
57.480	42.880
57.480	42.840
57.480	42.800
57.480	42.760
57.480	42.720
57.480	42.680
57.480	42.640
57.480	42.600
57.480	42.560
57.480	42.520
57.480	42.480
57.480	42.440
57.480	42.400
57.480	42.360
57.480	42.320
57.480	42.280
57.480	42.240
57.480	42.200
57.480	42.160
57.480	42.120
57.480	42.080
57.480	42.040
57.480	42.000
57.480	41.960
57.480	41.920
57.480	41.880
57.480	41.840
57.480	41.800
57.480	41.760
57.480	41.720
57.480	41.680
57.480	41.640
57.480	41.600
57.480	41.560
57.480	41.520
57.480	41.480
57.480	41.440
57.480	41.400
57.480	41.360
57.480	41.320
57.480	41.280
57.480	41.240
57.480	41.200
57.480	41.160
57.480	41.120
57.480	41.080
57.480	41.040
57.480	41.000
57.480	40.960
57.480	40.920
57.480	40.880
57.480	40.840
57.480	40.800
57.480	40.760
57.480	40.720
57.480	40.680
57.480	40.640
57.480	40.600
57.480	40.560
57.480	40.520
57.480	40.480
57.480	40.440
57.480	40.400
57.480	40.360
57.480	40.320
57.480	40.280
57.480	40.240
57.480	40.200
57.480	40.160
57.480	40.120
57.480	40.080
57.480	40.040
57.480	40.000
57.480	39.960
57.480	39.920
57.480	39.880
57.480	39.840
57.480	39.800
57.480	39.760
57.480	39.720
57.480	39.680
57.480	39.640
57.480	39.600
57.480	39.560
57.480	39.520
57.480	39.480
57.480	39.440
57.480	39.400
57.480	39.360
57.480	39.320
57.480	39.280
57.480	39.240
57.480	39.200
57.480	39.160
57.480	39.120
57.480	39.080
57.480	39.040
57.480	39.000
57.480	38.960
57.480	38.920
57.480	38.880
57.480	38.840
57.480	38.800
57.480	38.760
57.480	38.720
57.480	38.680
57.480	38.640
57.480	38.600
57.480	38.560
57.480	38.520
57.480	38.480
57.480	38.440
57.480	38.400
57.480	38.360
57.480	38.320
57.480	38.280
57.480	38.240
57.480	38.200
57.480	38.160
57.480	38.120
57.480	38.080
57.480	38.040
57.480	38.000
57.480	37.960
57.480	37.920
57.480	37.880
57.480	37.840
57.480	37.800
57.480	37.760
57.480	37.720
57.480	37.680
57.480	37.640
57.480	37.600
57.480	37.560
57.480	37.520
57.480	37.480
57.480	37.440
57.480	37.400
57.480	37.360
57.480	37.320
57.480	37.280
57.480	37.240
57.480	37.200
57.480	37.160
57.480	37.120
57.480	37.080
57.480	37.040
57.480	37.000
57.480	36.960
57.480	36.920
57.480	36.880
57.480	36.840
57.480	36.800
57.480	36.760
57.480	36.720
57.480	36.680
57.480	36.640
57.480	36.600
57.480	36.560
57.480	36.520
57.480	36.480
57.480	36.440
57.480	36.400
57.480	36.360
57.480	36.320
57.480	36.280
57.480	36.240
57.480	36.200
57.480	36.160
57.480	36.120
57.480	36.080
57.480	36.040
57.480	36.000
57.480	35.960
57.480	35.920
57.480	35.880
57.480	35.840
57.480	35.800
57.480	35.760
57.480	35.720
57.480	35.680
57.480	35.640
57.480	35.600
57.480	35.560
57.480	35.520
57.480	35.480
57.480	35.440
57.480	35.400
57.480	35.360
57.480	35.320
57.480	35.280
57.480	35.240
57.480	35.200
57.480	35.160
57.480	35.120
57.480	35.080
57.480	35.040
57.480	35.000
57.480	34.960
57.480	34.920
57.480	34.880
57.480	34.840
57.480	34.800
57.480	34.760
57.480	34.720
57.480	34.680
57.480	34.640
57.480	34.600
57.480	34.560
57.480	34.520
57.480	34.480
57.480	34.440
57.480	34.400
57.480	34.360
57.480	34.320
57.480	34.280
57.480	34.240
57.480	34.200
57.480	34.160
57.480	34.120
57.480	34.080
57.480	34.040
57.480	34.000
57.480	33.960
57.480	33.920
57.480	33.880
57.440	33.840
57.440	33.800
57.440	33.760
57.400	33.720
57.400	33.680
57.360	33.640
57.320	33.600
57.280	33.560
57.240	33.600
57.200	33.600
57.160	33.560
57.120	33.560
57.080	33.520
57.040	33.520
57.000	33.520
56.960	33.520
56.920	33.520
56.880	33.520
56.840	33.520
56.800	33.520
56.760	33.520
56.720	33.520
56.680	33.520
56.640	33.520
56.600	33.520
56.560	33.520
56.520	33.520
56.480	33.520
56.440	33.520
56.400	33.520
56.360	33.520
56.320	33.520
56.280	33.520
56.240	33.520
56.200	33.520
56.160	33.520
56.120	33.520
56.080	33.520
56.040	33.520
56.000	33.520
55.960	33.520
55.920	33.520
55.880	33.520
55.840	33.520
55.800	33.520
55.760	33.520
55.720	33.520
55.680	33.520
55.640	33.520
55.600	33.520
55.560	33.520
55.520	33.520
55.480	33.520
55.440	33.520
55.400	33.520
55.360	33.520
55.320	33.520
55.280	33.520
55.240	33.520
55.200	33.520
55.160	33.520
55.120	33.520
55.080	33.520
55.040	33.520
55.000	33.520
54.960	33.520
54.920	33.520
54.880	33.520
54.840	33.520
54.800	33.520
54.760	33.520
54.720	33.520
54.680	33.520
54.640	33.520
54.600	33.520
54.560	33.520
54.520	33.520
54.480	33.520
54.440	33.520
54.400	33.520
54.360	33.520
54.320	33.520
54.280	33.520
54.240	33.520
54.200	33.520
54.160	33.520
54.120	33.520
54.080	33.520
54.040	33.520
54.000	33.520
53.960	33.520
53.920	33.520
53.880	33.520
53.840	33.520
53.800	33.520
53.760	33.520
53.720	33.520
53.680	33.520
53.640	33.520
53.600	33.520
53.560	33.520
53.520	33.520
53.480	33.520
53.440	33.520
53.400	33.520
53.360	33.520
53.320	33.520
53.280	33.520
53.240	33.520
53.200	33.520
53.160	33.520
53.120	33.520
53.080	33.520
53.040	33.520
53.000	33.520
52.960	33.520
52.920	33.520
52.880	33.520
52.840	33.520
52.800	33.520
52.760	33.520
52.720	33.520
52.680	33.520
52.640	33.520
52.600	33.520
52.560	33.520
52.520	33.520
52.480	33.520
52.440	33.520
52.400	33.520
52.360	33.520
52.320	33.520
52.280	33.520
52.240	33.520
52.200	33.520
52.160	33.520
52.120	33.520
52.080	33.520
52.040	33.520
52.000	33.520
51.960	33.520
51.920	33.520
51.880	33.520
51.840	33.520
51.800	33.520
51.760	33.520
51.720	33.520
51.680	33.520
51.640	33.520
51.600	33.520
51.560	33.520
51.520	33.520
51.480	33.520
51.440	33.520
51.400	33.520
51.360	33.520
51.320	33.520
51.280	33.520
51.240	33.520
51.200	33.520
51.160	33.520
51.120	33.520
51.080	33.520
51.040	33.520
51.000	33.520
50.960	33.520
50.920	33.520
50.880	33.520
50.840	33.520
50.800	33.520
50.760	33.520
50.720	33.520
50.680	33.520
50.640	33.520
50.600	33.520
50.560	33.520
50.520	33.520
50.480	33.520
50.440	33.520
50.400	33.520
50.360	33.520
50.320	33.520
50.280	33.520
50.240	33.520
50.200	33.520
50.160	33.520
50.120	33.520
50.080	33.520
50.040	33.520
50.000	33.520
49.960	33.520
49.920	33.520
49.880	33.520
49.840	33.520
49.800	33.520
49.760	33.520
49.720	33.520
49.680	33.520
49.640	33.520
49.600	33.520
49.560	33.520
49.520	33.520
49.480	33.520
49.440	33.520
49.400	33.520
49.360	33.520
49.320	33.520
49.280	33.520
49.240	33.520
49.200	33.520
49.160	33.520
49.120	33.520
49.080	33.520
49.040	33.520
49.000	33.520
48.960	33.520
48.920	33.520
48.880	33.520
48.840	33.520
48.800	33.520
48.760	33.520
48.720	33.520
48.680	33.520
48.640	33.520
48.600	33.520
48.560	33.520
48.520	33.520
48.480	33.520
48.440	33.520
48.400	33.520
48.360	33.520
48.320	33.520
48.280	33.520
48.240	33.520
48.200	33.520
48.160	33.520
48.120	33.520
48.080	33.520
48.040	33.520
48.000	33.520
47.960	33.520
47.920	33.520
47.880	33.520
47.840	33.520
47.800	33.520
47.760	33.520
47.720	33.520
47.680	33.520
47.640	33.520
47.600	33.520
47.560	33.520
47.520	33.520
47.480	33.520
47.440	33.520
47.400	33.520
47.360	33.520
47.320	33.520
47.280	33.520
47.240	33.520
47.200	33.520
47.160	33.520
47.120	33.520
47.080	33.520
47.040	33.520
47.000	33.520
46.960	33.520
46.920	33.520
46.880	33.520
46.840	33.520
46.800	33.520
46.760	33.520
46.720	33.520
46.680	33.520
46.640	33.520
46.600	33.520
46.560	33.520
46.520	33.520
46.480	33.520
46.440	33.520
46.400	33.520
46.360	33.520
46.320	33.520
46.280	33.520
46.240	33.520
46.200	33.520
46.160	33.520
46.120	33.520
46.080	33.520
46.040	33.520
46.000	33.520
45.960	33.520
45.920	33.520
45.880	33.520
45.840	33.520
45.800	33.520
45.760	33.520
45.720	33.520
45.680	33.520
45.640	33.520
45.600	33.520
45.560	33.520
45.520	33.520
45.480	33.520
45.440	33.520
45.400	33.520
45.360	33.520
45.320	33.520
45.280	33.520
45.240	33.520
45.200	33.520
45.160	33.520
45.120	33.520
45.080	33.520
45.040	33.520
45.000	33.520
44.960	33.520
44.920	33.520
44.880	33.520
44.840	33.520
44.800	33.520
44.760	33.520
44.720	33.520
44.680	33.520
44.640	33.520
44.600	33.520
44.560	33.520
44.520	33.520
44.480	33.520
44.440	33.520
44.400	33.520
44.360	33.520
44.320	33.520
44.280	33.520
44.240	33.520
44.200	33.520
44.160	33.520
44.120	33.520
44.080	33.520
44.040	33.520
44.000	33.520
43.960	33.520
43.920	33.520
43.880	33.520
43.840	33.520
43.800	33.520
43.760	33.520
43.720	33.520
43.680	33.520
43.640	33.520
43.600	33.520
43.560	33.520
43.520	33.520
43.480	33.520
43.440	33.520
43.400	33.520
43.360	33.520
43.320	33.520
43.280	33.520
43.240	33.520
43.200	33.520
43.160	33.520
43.120	33.520
43.080	33.520
43.040	33.520
43.000	33.520
42.960	33.520
42.920	33.520
42.880	33.520
42.840	33.520
42.800	33.520
42.760	33.520
42.720	33.520
42.680	33.520
42.640	33.520
42.600	33.520
42.560	33.520
42.520	33.520
42.480	33.520
42.440	33.520
42.400	33.520
42.360	33.520
42.320	33.520
42.280	33.520
42.240	33.520
42.200	33.520
42.160	33.520
42.120	33.520
42.080	33.520
42.040	33.520
42.000	33.520
41.960	33.520
41.920	33.520
41.880	33.520
41.840	33.520
41.800	33.520
41.760	33.520
41.720	33.520
41.680	33.520
41.640	33.520
41.600	33.520
41.560	33.520
41.520	33.520
41.480	33.520
41.440	33.520
41.400	33.520
41.360	33.520
41.320	33.520
41.280	33.520
41.240	33.520
41.200	33.520
41.160	33.520
41.120	33.520
41.080	33.520
41.040	33.520
41.000	33.520
40.960	33.520
40.920	33.520
40.880	33.520
40.840	33.520
40.800	33.520
40.760	33.520
40.720	33.520
40.680	33.520
40.640	33.520
40.600	33.520
40.560	33.520
40.520	33.520
40.480	33.520
40.440	33.520
40.400	33.520
40.360	33.520
40.320	33.520
40.280	33.520
40.240	33.520
40.200	33.520
40.160	33.520
40.120	33.520
40.080	33.520
40.040	33.520
40.000	33.520
39.960	33.520
39.920	33.520
39.880	33.520
39.840	33.520
39.800	33.520
39.760	33.520
39.720	33.520
39.680	33.520
39.640	33.520
39.600	33.520
39.560	33.520
39.520	33.520
39.480	33.520
39.440	33.520
39.400	33.520
39.360	33.520
39.320	33.520
39.280	33.520
39.240	33.520
39.200	33.520
39.160	33.520
39.120	33.520
39.080	33.520
39.040	33.520
39.000	33.520
38.960	33.520
38.920	33.520
38.880	33.520
38.840	33.520
38.800	33.520
38.760	33.520
38.720	33.520
38.680	33.520
38.640	33.520
38.600	33.520
38.560	33.520
38.520	33.520
38.480	33.520
38.440	33.520
38.400	33.520
38.360	33.520
38.320	33.520
38.280	33.520
38.240	33.520
38.200	33.520
38.160	33.520
38.120	33.520
38.080	33.520
38.040	33.520
38.000	33.520
37.960	33.520
37.920	33.520
37.880	33.520
37.840	33.520
37.800	33.520
37.760	33.520
37.720	33.520
37.680	33.520
37.640	33.520
37.600	33.520
37.560	33.520
37.520	33.520
37.480	33.520
37.440	33.520
37.400	33.520
37.360	33.520
37.320	33.520
37.280	33.520
37.240	33.520
37.200	33.520
37.160	33.520
37.120	33.520
37.080	33.520
37.040	33.520
37.000	33.520
36.960	33.520
36.920	33.520
36.880	33.520
36.840	33.520
36.800	33.520

